-113.0
-21.5
1233.0
1502.5
1580.0
1610.5
1601.0
1135.5
1130.5
1470.5
1519.0
1426.0
1442.5
1628.0
1561.5
1163.5
1135.5
1015.0
1352.5
1375.5
1391.5
1501.0
1299.5
1329.0
1362.0
1578.5
830.0
1083.5
1456.0
1503.5
1313.5
1486.0
1146.5
1536.0
1256.0
1331.0
1213.0
1530.5
1343.5
1457.0
1262.0
1446.0
1075.0
1470.5
817.0
1596.5
1308.5
1399.0
922.0
1449.5
1317.0
1288.0
1412.0
1291.5
1248.5
1486.5
1222.0
1381.5
1415.5
1319.5
1113.5
1515.5
1403.0
1632.5
1583.5
1276.5
1409.0
1136.5
1373.5
1301.5
1633.5
1525.5
1278.5
1410.0
1589.5
1254.0
1651.5
1455.5
1256.5
1231.5
1358.5
1699.0
1505.5
1318.5
1260.5
1480.0
1422.5
1540.5
1575.0
1317.0
1267.0
1432.0
1271.5
876.0
1521.5
1348.0
1590.5
1554.5
1207.0
1266.0
1170.0
1228.5
1577.5
1456.5
1517.5
1284.0
1329.0
1438.0
1073.5
1450.0
1766.5
1457.5
1085.5
1308.5
1783.5
1588.5
1379.5
1292.5
1512.0
1608.0
1223.0
1466.5
1674.5
1139.5
908.0
1442.5
1487.5
1421.5
1475.0
1340.5
1540.5
1411.5
1465.5
1172.0
1431.0
1399.0
1754.0
1354.0
1658.0
1351.0
1127.5
1490.0
1253.0
1609.5
1545.5
1242.5
1396.0
1289.0
1568.0
1502.0
1282.0
1433.0
1432.0
1605.0
1282.0
1189.0
1494.5
1518.5
1465.5
1502.5
924.0
1482.5
1263.5
1042.5
1505.5
1633.5
1422.5
1405.5
1534.0
1612.5
1344.5
1620.5
1489.0
1369.0
1439.5
1666.0
1158.0
841.0
1693.0
1454.5
1625.5
1534.0
1358.5
1314.0
1544.0
1159.5
1409.5
1651.0
1256.0
1177.0
1458.5
1496.5
1504.5
745.0
1384.5
1618.0
1514.5
1419.0
912.5
1740.5
1545.0
1348.0
1539.5
1148.5
1520.5
1171.5
1412.5
1323.5
1189.0
1551.5
1313.0
1534.0
1534.0
1420.0
1641.0
1517.0
1387.5
1502.0
1135.0
1274.0
1148.0
1353.0
1189.0
1554.5
1438.0
1719.5
1401.5
1351.0
1301.5
1576.0
1373.0
1512.5
1553.0
1423.0
1216.5
1352.5
1345.0
1432.0
1446.5
1564.5
1508.0
1223.0
1444.5
1334.0
1664.0
956.5
1322.5
1452.0
1550.0
1397.5
819.0
1433.5
1513.5
1263.5
1162.0
1384.0
1619.0
1650.5
1235.5
1478.0
1481.0
1436.0
1143.0
1181.0
1267.0
1378.0
1523.5
1400.0
1290.5
1228.5
1456.5
1037.5
1451.0
1291.0
1345.5
1579.0
1276.5
1408.5
1243.5
1656.5
1580.5
1372.5
1247.0
1405.5
1510.0
1604.5
1490.0
1314.5
1374.5
1380.0
1680.0
1176.0
1217.0
1403.0
1227.0
1166.5
1423.0
1488.0
1418.5
1613.0
1408.5
897.0
1091.5
1298.5
1319.5
1302.5
1435.0
1605.5
1038.0
1471.0
1691.0
1169.5
1551.0
1061.0
1479.5
1681.0
1359.5
1583.5
1543.0
853.0
1548.5
991.5
1564.0
1243.5
1457.0
1751.0
1532.0
1371.0
1308.5
1313.5
1693.5
1236.0
1503.5
1305.0
1347.0
1294.0
1350.0
1375.5
1087.5
1376.5
1253.5
1350.5
1364.5
1640.0
1217.0
1311.5
1171.0
1415.0
1404.5
1389.0
1395.5
1428.0
1064.5
933.5
1584.5
1597.5
1669.0
1666.0
1202.5
1333.0
1497.0
1363.5
1376.5
1347.5
1510.0
1250.5
1355.5
1688.0
1654.0
1514.5
1424.5
1181.5
1434.5
1472.0
1476.5
1269.0
1182.5
1379.0
1415.5
1449.0
1218.5
1429.0
1698.5
1279.5
1183.0
1595.0
1451.0
1205.5
1627.0
1538.5
1512.5
1447.5
1002.5
1445.5
1438.0
1229.0
1447.5
1677.0
1561.5
1253.5
1657.0
1523.0
1399.5
1345.0
1498.5
1389.5
1252.0
1275.0
1449.0
1723.0
1494.0
1185.5
1320.0
1448.5
1514.5
1438.0
1238.0
1480.5
1659.5
1553.0
1357.0
1604.0
1388.0
1438.5
1363.0
1192.0
1497.5
1558.5
1315.5
1550.5
1222.5
1250.5
1479.5
1369.5
1176.0
1266.5
1589.5
1489.0
1087.5
1381.5
1574.5
1453.5
1296.0
947.5
1418.0
1376.0
1292.5
1451.5
1584.5
1402.0
1173.5
1716.5
1370.0
1381.0
1324.0
1254.0
1379.0
1613.0
1468.0
1584.5
1298.0
1301.5
1412.0
1420.0
1383.5
1431.5
1331.5
1567.5
1381.5
1503.5
1281.0
1524.0
1194.0
1400.5
1363.0
1473.5
1243.0
1255.5
1501.5
1377.0
1432.0
1290.0
1379.0
1449.0
1569.5
1309.0
1702.5
1346.0
911.0
1741.0
1665.5
1372.5
1530.0
1495.0
1122.5
1766.5
1152.0
1652.0
1325.0
1312.0
1625.0
1543.0
1584.0
1460.5
1414.5
1223.5
1555.5
1092.0
1274.5
1244.0
1432.0
996.0
1032.5
1365.0
1470.5
1564.5
1226.5
1499.0
1311.0
1515.5
1409.0
1660.5
1387.0
1414.0
1067.0
1654.5
1171.5
1222.0
1327.0
1313.0
1382.5
1372.5
874.0
1710.0
1325.0
1422.5
1246.0
1287.5
1509.5
1449.5
1300.5
1445.0
1293.0
1443.5
1444.5
1507.0
952.5
827.5
1009.0
1439.0
1409.5
1550.0
1302.5
1413.0
1714.0
1441.5
1496.0
1092.0
1530.0
1420.5
1592.0
1428.0
1407.0
1259.0
1410.0
1341.0
1639.0
1175.5
1630.5
936.5
1109.5
1525.5
1452.0
1284.5
1424.5
1393.0
1194.0
1302.0
1545.0
1233.0
1163.5
1490.0
1404.0
1566.5
1404.0
1487.5
1316.5
1146.5
1571.5
1214.5
1584.0
1325.5
1524.0
1040.5
1408.5
1409.5
1039.5
1323.5
1432.0
1545.5
1330.5
1380.5
1582.5
1235.5
1249.5
1533.5
1452.5
1370.0
1623.0
1400.5
1383.5
1515.5
1319.5
1488.0
1158.0
1181.0
1519.0
1398.0
1269.5
1434.0
1431.5
1347.5
1196.5
1229.5
1415.0
1212.5
869.5
1133.5
1519.5
1451.5
1545.5
1337.0
1536.5
1732.5
1165.5
1016.5
1437.5
1436.0
1326.5
1085.0
1597.5
1323.0
1390.0
1320.5
1089.5
1658.0
1499.5
1158.0
1330.5
1459.0
1580.0
1391.0
1158.5
1461.5
1427.5
1461.0
1095.0
1209.5
1275.0
1373.0
1158.0
1453.0
1396.5
1370.0
1238.5
1366.5
1241.5
750.0
1448.5
1429.0
1194.0
1585.5
1649.5
1300.0
1571.0
641.5
1260.0
1671.0
1265.0
1296.5
1279.5
1178.0
1426.5
1413.0
1586.5
1449.0
1414.5
1222.5
1515.5
1346.5
1231.5
1279.5
1523.5
1135.5
1284.0
1255.0
1093.5
1469.5
1105.5
1364.0
1598.0
1468.0
989.5
1556.0
1268.5
1196.5
1214.0
1302.0
1371.5
1450.0
1466.0
1501.0
1186.0
1546.5
1375.5
1512.0
1412.0
1501.5
1451.5
1231.0
1272.0
1257.5
1485.5
1447.0
1104.0
1411.5
1372.5
1520.5
1576.5
1369.0
1471.5
1497.0
1210.0
1417.5
1477.0
1201.5
1146.0
1513.0
1569.0
1498.5
1352.0
1361.0
942.5
1164.5
1586.5
1382.5
1260.0
1318.5
1201.0
1549.0
1272.0
1440.5
1263.5
1400.5
1761.0
1366.0
1494.5
1584.5
1466.5
1247.0
1478.0
1414.5
1259.5
1240.5
1562.0
1544.0
1396.0
1346.5
1538.0
1602.5
1516.5
1207.5
1512.0
1567.5
1219.0
1324.5
1574.0
1455.0
1122.0
1367.5
1317.5
1383.5
1431.5
1297.0
1461.5
1470.0
1301.0
1440.0
1580.5
1207.5
1273.0
1231.5
1424.5
1482.5
1365.5
1340.0
1480.5
1733.5
1145.0
1480.5
1004.5
628.5
1506.0
1427.0
1508.0
1598.5
1765.0
1320.0
1409.0
1430.0
1558.5
1338.0
1043.0
1468.0
1359.5
1436.5
1287.5
1381.5
1595.5
1415.5
1399.5
1447.0
1003.0
1586.0
1503.0
1031.5
1133.5
1197.0
1309.5
1240.5
1040.5
1292.5
1474.0
1283.0
1481.5
1732.0
1312.5
1644.5
1191.0
1484.0
1405.0
1451.0
1035.5
1551.0
1390.5
1456.0
1391.0
1420.5
1145.5
1400.5
1326.5
1425.5
1015.5
1459.5
1098.0
1340.5
1248.5
1428.5
1243.0
1492.0
1384.0
1571.0
1099.0
1316.0
1326.0
1170.0
1349.0
1545.0
1623.5
1769.5
1446.5
1209.0
1180.5
1266.5
1422.5
1474.0
1249.0
1331.5
1121.0
1330.0
1365.0
1660.5
1349.5
1416.5
1468.5
1236.5
1355.0
1530.0
1366.5
1353.0
1575.5
1507.0
1501.5
1268.5
1456.0
1505.5
1406.0
1375.0
1394.5
1062.5
856.5
1678.5
1315.0
1387.5
1491.5
1324.0
1082.0
1013.5
1430.5
1148.5
949.5
1582.5
1154.0
1336.0
1565.5
1329.5
1348.0
1307.0
1599.0
1467.0
1049.5
964.5
1578.0
1530.0
1156.0
1234.0
1491.5
1297.0
1419.5
1192.5
1401.0
1507.0
1355.0
1375.0
1567.0
1250.5
1414.0
1537.5
1247.0
1301.0
1465.0
1212.5
1638.5
993.0
1170.5
1245.0
1521.0
1178.5
1082.0
1394.0
1394.5
1341.5
1564.0
1566.5
1560.0
1326.5
1392.0
1429.5
1582.5
1035.5
1474.5
883.0
1432.5
1396.0
1204.0
1324.5
1585.5
1652.5
1363.5
1170.0
1543.0
1430.5
1598.5
1545.5
1076.5
1424.0
1165.0
1622.0
1453.5
1525.0
1062.0
1391.0
1140.0
1391.5
1456.5
956.5
1269.0
1553.5
1036.5
1372.5
1374.0
1563.0
1446.5
1436.5
1135.5
1643.0
1453.5
1324.0
997.5
1413.0
1485.5
1165.0
1210.0
1512.0
1374.0
1413.0
1544.0
1506.5
1375.0
1470.5
1499.0
1476.5
1644.5
1326.0
1223.5
1397.5
1535.0
1352.5
1486.0
1375.0
1419.5
1265.5
1418.0
1135.0
1178.0
1454.0
1243.5
1456.5
1216.0
1407.5
1235.5
1484.0
1361.5
1365.5
1512.5
1253.0
1506.5
1237.0
1484.5
1621.0
1266.5
1533.5
1320.0
1203.0
1543.5
986.5
1282.5
1106.5
1389.5
1494.5
1564.5
1205.0
1458.0
1314.5
1230.0
881.0
998.5
1576.5
1467.0
1232.0
1496.0
1289.0
1321.5
1329.5
1771.0
1136.5
1352.5
1278.5
1433.0
1226.5
1341.0
1656.0
1379.5
1523.5
860.5
1516.5
1257.0
1222.0
1539.0
1384.5
1463.0
1505.0
1331.0
1555.0
1190.5
1519.5
1286.5
1172.0
1444.0
1552.0
1333.5
1552.5
1281.0
880.0
1150.0
1557.5
948.0
1181.0
1149.0
1223.0
962.5
1160.5
1424.5
1445.0
1523.0
1427.5
1357.5
1464.5
1449.0
1332.5
1443.5
1078.0
1381.0
1402.5
1289.5
1544.5
1464.0
1191.5
1590.5
1454.5
1586.5
1237.5
1082.0
1432.5
1560.5
1376.5
1220.5
1152.5
1448.0
1254.0
1640.5
1537.0
1500.5
1299.5
1489.5
1225.5
1289.0
1419.0
1413.5
1592.0
1167.5
882.0
1458.5
1153.5
1301.0
1221.0
1070.5
1551.5
1435.0
1513.5
1306.5
1283.5
1485.5
1278.5
1252.0
1539.0
1219.5
1252.5
1457.5
1186.5
1180.0
1389.5
1168.0
1392.5
1542.0
1324.5
1069.0
1445.0
1646.5
1052.0
1477.5
1391.0
1681.5
1540.5
1293.5
1016.0
1479.0
1534.5
999.5
1362.5
1392.5
1455.0
1722.5
1318.0
1164.0
962.5
1432.0
1488.0
1469.0
1228.5
1372.0
1346.0
1138.5
1633.5
1261.5
1660.5
1729.5
1265.0
1408.0
1339.5
1419.0
1405.0
1547.5
1641.5
1257.0
1291.5
1295.0
1415.0
1379.5
1492.5
1649.0
1202.5
1414.5
1190.5
1478.5
1421.5
1501.5
1610.5
1397.5
1331.0
1435.5
1432.0
1488.5
1380.0
1512.0
1302.5
1239.5
1431.5
1303.0
1458.0
1407.5
1356.0
1600.5
1468.5
1658.5
1359.0
1444.5
1489.5
1183.5
1317.5
1349.5
1276.5
1647.0
948.0
749.0
1711.5
1077.0
1457.0
1160.0
1704.5
1077.5
1418.0
1511.0
1109.5
1135.5
1356.0
1343.0
1128.5
1653.5
1372.0
1639.0
1087.5
1365.5
1359.5
1700.0
1236.5
1185.5
1366.0
1596.0
1280.5
1137.0
1352.0
1262.0
1581.0
1369.5
1778.5
1510.0
1470.0
1059.5
1080.0
1244.0
1545.5
1108.5
1488.5
1449.0
1651.5
1285.5
1188.5
1417.0
1485.0
1479.5
1471.5
1542.0
1574.0
1241.5
1561.0
1497.0
1418.0
1317.5
1397.5
1487.0
1313.0
1305.0
1211.0
862.0
1384.0
1317.5
1192.0
1598.0
1452.5
1323.0
1107.0
1523.0
1273.5
1291.5
1637.5
1492.5
1498.5
1426.0
1421.0
1353.0
1424.5
1604.5
1174.0
1402.0
1244.0
1298.5
1257.0
1481.5
1508.5
1700.5
1051.0
1444.0
1642.5
1192.0
1590.5
1601.5
987.5
1503.0
1512.0
1215.0
1279.5
1472.5
1507.5
919.0
910.0
1486.0
1602.5
1131.5
1402.0
1348.5
1588.5
1298.5
1367.5
1224.5
1477.5
1023.0
1417.5
1334.0
1580.0
1393.0
1552.5
1137.5
1085.5
1628.5
1568.0
1535.5
967.5
1242.0
1439.5
1480.5
1387.5
1216.0
1173.5
1323.5
1410.5
1212.5
1292.0
1480.5
1350.0
1440.0
1538.0
992.5
1438.5
1240.5
1170.0
1284.5
1212.0
1151.5
1627.0
1296.0
1435.0
1452.5
941.5
1714.0
1315.0
1466.0
1490.0
1305.5
1302.5
1301.5
1283.5
1238.0
1659.0
1008.0
1147.5
1005.5
1437.5
1690.5
1219.0
1535.5
1350.5
1164.5
1771.5
1193.0
1401.0
897.0
1421.0
759.5
1053.5
1466.5
1305.0
1228.5
1192.5
1259.5
1296.5
1380.5
1268.0
1472.0
1289.5
1279.5
1458.0
1311.0
1222.5
1090.5
1440.5
1598.5
1230.5
1157.5
1371.0
1470.5
858.0
1435.0
1173.0
1304.0
1050.5
1518.5
1498.0
1593.5
1623.5
1439.0
1472.0
1550.0
1351.5
1486.0
918.5
1557.0
1312.0
872.5
1550.5
1770.0
1027.5
1350.0
1424.5
1580.0
1643.0
1354.0
1378.5
1089.5
1309.5
1204.5
1613.5
1494.5
1173.0
1440.0
1194.0
1256.0
1529.5
1492.0
1297.0
1319.0
1177.5
1381.0
1286.5
1270.5
1150.0
1389.5
1519.0
1442.5
1133.5
1592.0
1651.5
1524.0
942.0
1010.5
1421.5
1196.0
1284.5
1454.5
1489.5
1653.0
1311.0
1437.5
1189.0
1457.5
1019.0
1159.0
1687.0
1266.5
1378.5
1247.5
1655.5
1265.5
1435.0
1349.5
1358.0
1309.5
1414.5
1430.5
1385.0
1098.5
1636.0
1479.0
1212.5
1230.0
1180.0
1483.5
1722.5
1352.5
1401.5
1217.0
1702.0
1365.0
1313.5
1322.0
1185.0
1232.0
1488.0
1414.0
1361.5
1339.5
1363.5
874.5
1352.0
1211.5
1317.5
1120.0
1251.0
1246.0
1388.5
1242.0
1159.5
1317.0
1366.5
1137.0
1603.5
1415.5
1405.0
1264.0
1326.5
1626.5
1233.0
1231.5
1358.5
1509.5
1392.0
1316.5
1580.5
1513.0
1208.0
1587.5
1633.5
1465.5
1688.0
1221.0
1094.0
1517.0
1437.5
1261.5
1512.5
1512.5
1742.5
1382.0
1335.5
1249.5
1628.0
1419.5
1503.0
1093.5
1258.0
1631.0
1513.0
1433.0
1557.5
1444.0
1431.5
1261.0
1253.0
863.5
1628.5
1122.0
1331.5
1391.5
1441.5
1093.5
1444.0
1239.0
1557.0
1267.5
1260.0
1524.0
1569.0
1328.0
914.0
1219.0
1390.0
1446.0
1444.0
1624.0
1333.0
1523.5
1038.0
1714.5
1505.5
1499.5
1098.0
1344.5
1329.0
989.0
1443.5
1299.5
1113.5
1276.0
1410.5
1540.5
1066.5
1380.0
1061.5
1347.0
1218.5
997.0
1469.0
1445.5
1387.5
1458.5
1253.5
1434.5
1447.0
1574.0
1404.5
1205.0
1373.5
1436.5
1620.5
1516.0
1524.0
1214.5
1390.5
1553.0
1470.0
1504.0
1348.5
1587.5
1324.0
1398.5
1656.0
1413.0
1437.5
1420.5
1027.5
1010.0
1451.5
1335.5
1596.0
1242.0
1215.0
1189.0
1374.0
1330.0
1613.5
1409.0
1087.0
1378.0
1386.5
1270.5
1329.5
1607.5
1632.5
1452.5
1445.5
1304.5
1173.0
1191.5
1512.5
1385.5
1138.5
1389.0
1393.5
1263.0
1058.0
1339.0
1594.5
1241.0
1363.5
1308.0
1427.5
1436.0
1266.0
1369.0
1288.0
1260.5
1464.0
1324.0
1166.5
1149.5
1217.0
1246.5
1333.5
1619.5
1275.5
1684.5
1344.5
1199.0
1487.0
1195.5
1460.0
1192.5
1555.0
1272.0
1465.5
1203.5
1069.5
1458.0
1301.0
1601.0
1624.0
1315.0
1430.5
1550.5
1436.0
1427.5
1397.0
1264.0
1452.0
1520.0
1395.5
1152.5
1312.5
1411.0
1256.0
1711.0
1202.0
1539.5
1446.0
1203.5
1339.5
762.0
1491.0
1411.5
1377.0
1571.0
1273.5
1642.0
1452.5
1477.5
1251.0
1598.0
1120.5
1464.5
1520.5
1224.5
1067.0
1372.5
1663.5
1531.0
1449.5
1198.0
1328.0
1294.0
1250.5
1172.5
1440.0
1337.0
1405.5
1496.5
1175.5
1332.5
1402.5
1247.5
1434.0
1679.5
1293.0
1387.0
1528.5
1234.0
1299.5
1502.5
1455.5
1183.0
1541.5
1043.0
1538.0
1538.0
1541.5
1283.5
1381.5
1012.0
1137.5
1219.5
1294.5
1539.5
1339.5
1110.0
1196.0
1639.5
937.5
1414.0
1186.5
1091.5
1252.5
1333.5
1437.0
1112.0
1368.5
891.0
1198.5
1244.5
1605.0
1419.0
1147.0
1577.0
1482.0
1233.5
1167.0
1769.0
1410.5
1171.5
1172.5
1040.5
1453.5
1215.0
1726.0
1244.0
1416.0
1465.5
1449.0
1652.0
1444.0
1129.0
1346.5
1461.0
1531.0
1443.0
1543.0
1477.5
1175.5
1345.5
1113.5
1359.0
1622.5
1486.5
1178.5
1433.0
1582.0
1617.5
1085.5
1521.0
1437.0
1074.0
1215.0
1298.0
806.0
1324.0
1474.5
553.5
1431.5
1135.0
1391.0
1650.0
1414.0
1671.0
1249.0
1140.5
1391.5
1434.5
1720.0
1583.5
1432.0
1719.5
1250.0
1430.0
1576.5
1505.5
1064.5
1309.0
1338.5
1313.0
1237.5
1278.5
1357.5
1476.0
1157.5
1452.0
1506.0
1204.0
1300.5
1520.5
1237.0
1418.5
1263.0
1455.0
1204.5
1464.0
1430.5
1236.0
1427.5
1433.0
1360.0
1336.0
1437.5
1407.5
1209.0
1169.0
1125.5
1207.5
1471.5
1215.0
1222.5
1445.5
1383.5
1306.5
890.5
1298.5
1438.0
1504.0
1297.5
1610.0
1258.0
1477.0
1270.5
1538.0
1221.5
1321.5
1461.5
1590.0
1569.5
1291.0
1454.5
1427.0
1192.5
1317.5
1200.0
1444.5
1317.0
1481.5
1611.5
1467.5
1643.5
1391.5
1543.0
1357.0
1548.0
1267.0
1659.5
1251.0
1196.0
1492.0
1428.5
1309.0
1243.5
1344.0
1124.5
1139.5
1227.5
1266.5
1652.5
1630.5
1354.0
1560.0
1423.5
1474.5
1123.5
1508.5
920.0
1376.0
1344.0
1158.0
1494.5
1196.5
1425.0
1251.0
1009.5
1334.5
1566.0
1432.0
1443.0
1313.5
1225.5
1433.0
1340.0
1613.5
1597.5
1453.5
1432.0
1214.0
1225.0
993.0
1526.5
1202.0
1174.0
1571.0
1450.5
1640.5
1312.0
1445.5
1140.5
1209.0
1480.5
1494.5
1408.0
1226.0
1114.0
1401.0
1343.5
1284.5
1320.5
1391.0
1377.0
1593.5
1356.0
1243.0
1512.5
1527.0
1220.5
1481.5
1292.0
1331.0
1282.5
1529.5
1523.5
1098.5
1533.0
1436.5
1258.0
1417.5
1298.5
1407.5
1373.5
1013.0
1417.0
1401.0
1739.0
1433.5
1537.5
1262.0
1478.0
1192.5
1233.0
1531.5
1436.5
1332.5
1559.0
1332.0
1577.5
1173.0
970.5
1345.5
1221.0
1487.0
1294.0
1242.0
1287.0
1237.5
1289.5
1434.0
1374.0
1474.5
659.5
1181.5
1461.0
1205.5
1321.5
1172.5
1253.5
1681.0
1243.5
1422.5
1156.0
1562.5
1240.5
1277.5
1249.0
1432.0
1336.5
1484.5
1446.5
981.5
1642.5
1355.5
1617.0
1500.0
1401.5
1772.5
1509.5
1173.5
1335.5
1294.5
1737.5
1301.5
1402.5
1494.5
1518.0
1350.0
1232.5
1489.0
1319.0
1608.0
968.5
1227.0
1335.0
1659.0
1154.0
1401.0
1338.0
1503.0
1564.5
1429.5
1269.0
1462.0
1134.5
1407.5
1593.0
1332.0
1464.0
1150.0
1344.0
1520.0
1351.0
1600.0
1203.0
1481.5
1243.0
1337.5
1725.0
1234.0
1124.0
1354.5
1493.0
1412.5
786.5
1249.0
1596.5
1272.5
1094.5
1275.5
1099.0
1315.0
1694.0
1049.5
1411.5
1591.0
1440.5
1021.5
1476.5
1462.0
1287.5
1257.0
1171.0
1593.0
1345.5
1195.5
1360.0
1564.5
1062.0
1674.5
1644.5
1611.0
1557.0
1320.0
1314.5
1052.5
1408.5
970.0
1621.5
1379.5
1335.5
1465.0
1555.0
1328.5
1447.5
1635.0
1688.5
1293.0
1473.5
1421.5
1097.5
1466.0
1372.0
1090.5
1368.0
1275.5
1392.5
1235.0
1389.0
1390.0
1522.5
1334.0
1431.0
1391.5
1483.5
1476.5
1024.5
1434.0
1433.0
1329.5
1262.0
1282.5
898.0
1638.5
1401.5
1503.5
1361.0
1445.5
1379.5
1357.5
1355.0
1261.0
1573.0
1146.0
1330.0
1414.0
1212.0
1707.5
1473.5
1271.5
1518.5
1303.0
1063.0
1212.0
1486.0
1340.0
956.5
962.0
1614.0
1446.0
1083.0
1357.0
1698.5
1147.0
1434.0
1348.0
1307.0
1221.0
1567.5
912.0
1070.5
1386.0
1361.0
1345.0
1446.0
1141.5
1513.5
1593.5
1502.5
1296.0
1535.0
1510.5
1298.0
1037.5
1430.5
1612.5
1337.5
1397.5
1346.5
1390.0
1340.0
1358.5
1539.0
1147.0
1216.0
1441.0
1237.0
1392.0
1111.5
1682.5
1476.5
1262.5
1620.5
1202.5
1337.0
1104.5
999.0
1152.0
1512.5
1194.0
1291.0
1151.0
953.5
1404.0
1334.5
1720.5
1474.5
1425.5
1480.5
1493.0
1191.5
1529.5
1643.5
1232.0
1097.0
1299.5
1409.5
1229.0
1432.5
1406.0
1366.5
1375.5
1398.0
1479.5
1332.0
1256.5
1547.0
1859.0
1333.0
1257.5
972.5
1409.0
1364.5
1522.0
1152.0
1278.0
1510.5
1420.5
1245.0
1414.0
1311.5
1312.0
1274.0
1410.0
1226.5
1593.5
983.5
1427.5
1315.5
1556.0
1419.0
1506.0
1435.0
1548.0
1497.0
1431.0
1132.5
1461.5
1080.0
1706.5
1178.5
1104.0
1382.5
1295.5
1640.5
1039.5
1526.0
1434.0
1452.5
1266.0
1425.5
1319.0
1461.5
1373.0
1596.0
1310.0
1471.0
1694.5
1553.0
1282.5
1082.5
1523.5
1329.5
1206.0
1341.0
1766.5
1403.5
1422.5
1042.5
1475.5
1310.5
1197.5
1166.5
1370.5
1276.5
1504.5
1589.0
1529.0
1532.5
1048.0
1723.0
1529.0
1601.5
1585.0
1401.0
1618.0
1789.5
1196.5
1485.5
1285.5
1197.0
1538.5
1413.0
1379.5
1656.0
1226.5
1479.0
1368.0
1055.5
1526.5
1402.0
1065.0
1028.5
1448.5
1531.0
1388.0
1158.0
1480.5
1279.0
1360.0
1286.0
1256.0
971.0
1404.0
1343.0
724.0
1128.5
1416.5
1144.0
1304.5
990.0
1328.5
1075.0
1604.0
1389.5
1082.0
1263.0
1371.0
1395.5
1448.0
1448.5
1284.5
1230.0
1094.5
1086.5
1271.0
1260.5
1286.5
1546.5
1549.0
1697.5
1170.0
1195.0
1650.0
1490.5
1181.0
1614.0
1616.0
1410.5
1507.5
1266.0
1418.0
1377.5
1279.0
1696.5
1415.5
1493.0
1729.5
1331.0
1169.5
1355.0
1503.0
1381.0
1472.5
1182.0
1758.0
1505.0
1586.5
1131.5
1023.0
1425.5
1411.0
1209.5
1095.0
1199.5
1431.5
1412.5
1412.0
1393.5
1265.0
1450.0
1528.5
1571.5
1403.5
1556.0
1344.0
1542.5
1426.5
1421.5
1474.0
1401.0
1340.5
1318.5
1728.0
1394.0
1330.5
1514.5
1348.0
693.5
1336.5
1488.0
1390.0
1351.5
1197.0
1127.0
1168.0
1066.5
1460.5
1326.5
1252.0
1500.5
970.0
1327.0
805.5
1500.0
1035.5
1535.5
1448.5
1631.0
1197.0
1316.0
1137.0
1481.0
1255.5
1516.0
1432.5
1391.5
1431.5
911.0
993.5
1235.5
1513.0
1672.0
1233.5
1215.0
1548.0
1340.0
1216.5
1617.0
1293.0
1306.0
1426.0
1468.0
1382.0
1189.5
1100.0
1141.5
1437.5
1571.0
1300.5
1499.5
1479.0
1522.0
1313.5
1495.0
1346.5
1095.5
1280.0
1680.0
1048.0
1559.5
1184.5
1390.5
1560.0
1141.0
1565.0
1485.5
1258.5
1390.5
1539.0
1473.5
1587.5
1318.0
1938.5
1115.5
1321.0
1281.5
821.0
1487.0
1499.0
1488.5
1318.0
1495.5
1577.0
952.5
1567.5
1430.0
1074.0
1047.5
1347.5
890.5
1262.0
1363.0
1230.5
1303.5
1076.5
1373.0
1200.0
1563.5
1416.0
1420.0
1341.5
1390.5
1217.0
1399.0
1378.0
1481.5
1234.0
1180.5
1292.5
1454.0
1372.5
1572.5
1634.5
1771.5
1009.0
1187.0
1185.5
1642.5
1363.0
1156.0
1453.0
1480.5
1382.0
1529.5
1627.0
531.5
1582.5
1383.5
1305.0
1280.5
1445.0
1213.5
1598.5
1338.0
1191.0
1571.5
911.5
653.5
1077.0
1610.5
1458.0
1253.5
1353.5
1309.5
1604.5
1353.0
1624.5
1355.5
1455.0
1322.0
1498.5
1382.0
1585.5
1386.5
1453.5
1393.5
1064.0
1440.0
1246.0
1579.5
1236.5
1333.0
1407.5
1505.0
1531.0
1214.0
1208.0
1434.5
1318.5
1301.0
1503.0
1519.0
1039.0
1260.0
1362.0
1486.0
1184.0
1627.0
1100.0
1384.0
1230.5
1362.0
1525.5
1712.0
1274.5
1430.5
1509.0
1230.5
1437.0
943.0
1569.0
1341.0
1503.5
1481.0
1266.0
1431.5
868.5
1503.5
1453.0
1606.5
1462.0
1293.5
1393.0
1385.5
1393.0
1473.5
1451.5
1199.0
1378.5
1301.0
1301.5
1172.5
1316.0
1513.5
1202.5
1609.5
1562.0
1358.5
1342.0
1473.5
1496.0
1320.5
1111.5
1608.0
1272.0
1390.0
1602.0
1526.0
1613.5
1334.0
1336.5
1301.0
1134.0
1447.5
1328.5
1452.5
1330.5
1628.0
1602.0
1486.5
1276.5
1007.0
1173.0
965.5
1401.0
1372.0
1054.0
1464.5
1283.5
1465.0
1306.0
1195.5
1406.5
1144.5
1385.5
1662.5
1293.5
1512.0
1443.0
1177.0
1490.5
1423.5
1480.0
1217.0
1172.5
1681.0
1149.0
1434.5
1101.5
1557.5
1438.5
1363.5
1388.0
1377.0
1584.5
1276.5
1069.5
1232.5
1578.5
1218.5
1285.0
1409.0
1083.5
1262.0
1416.5
1009.0
1041.0
1517.5
1417.5
1556.5
1434.0
1341.0
1390.5
1459.0
1427.0
1127.0
1101.5
1739.0
1245.0
1283.0
1309.0
1254.0
1198.0
1393.5
1126.5
1331.0
1341.5
1357.0
1089.0
1450.5
1466.5
1116.5
1189.0
1197.0
1422.5
1428.5
1291.0
1427.5
1375.0
1550.0
1536.5
1325.5
1252.5
1600.5
1553.0
901.0
1416.5
1286.5
1405.0
1465.5
1186.5
1480.0
1272.0
1415.0
1381.0
1354.0
1469.5
1341.0
1492.0
1099.5
1327.0
1001.5
1214.0
1162.5
1446.5
1703.5
791.5
1123.5
1405.0
1287.0
1216.5
1532.0
1384.5
1573.5
1649.5
1111.5
1318.0
1233.5
1261.5
1487.5
1221.0
1326.5
1198.0
1415.0
1403.5
1462.0
1306.5
1441.5
1184.0
1487.0
1161.0
1346.0
1577.5
1579.5
1184.0
1057.5
1099.5
1444.5
1302.5
1523.5
1586.0
1364.5
1296.0
1528.5
1357.5
1512.0
1439.0
1299.5
1319.5
1540.0
1342.5
1523.5
1412.5
1594.0
1099.5
1336.5
1320.5
1200.5
1440.5
1440.0
1157.5
1536.5
1647.5
1218.0
1544.0
1228.0
1466.5
1386.5
1364.5
1444.5
1157.0
1397.5
1384.0
1358.0
1558.0
1315.5
911.5
1561.5
565.0
1070.5
1429.5
1410.5
1270.0
1453.5
1476.0
1295.0
1454.0
1711.0
1300.5
1531.0
1327.0
1578.0
1449.5
1324.5
1205.5
1389.0
1595.0
1423.0
1260.5
1332.0
819.0
1559.5
1091.5
1121.0
852.0
1512.5
1371.5
1365.0
1213.0
1395.5
1672.5
1306.0
1335.0
1629.5
1410.0
1685.5
1234.5
1306.5
1567.0
1487.5
1325.0
1410.5
1497.0
1256.0
1628.5
1403.0
1358.0
1497.0
1579.0
1237.0
1633.0
1488.0
1344.0
1433.5
1175.0
1387.0
1331.5
1351.0
1715.5
1525.5
1322.5
1262.0
1253.5
1552.0
1447.0
1067.0
1402.5
997.0
1338.5
1350.0
1503.5
1700.0
1174.0
1327.0
990.0
1458.0
1180.5
1689.5
1331.0
1327.5
1532.0
1398.0
1470.0
1207.0
1157.5
1408.0
1442.5
1378.0
1487.0
1488.5
1476.0
1531.0
1224.5
1367.0
1244.5
1263.0
1576.5
1157.5
1191.0
1518.5
1394.5
1773.5
1268.5
1663.0
1209.0
1542.0
1530.0
1406.0
1162.5
1469.5
1342.5
1432.5
1417.0
1113.5
1576.5
1614.0
1443.5
1184.5
1396.0
1641.0
1348.5
1442.0
1183.5
1406.0
1195.5
1647.0
1400.0
1297.0
1637.5
1412.0
1346.5
1355.0
1712.5
1417.5
1328.5
1398.0
1228.5
1520.5
1489.0
987.0
1138.5
1721.0
916.0
1496.0
1500.5
1365.5
1429.0
1517.5
1432.0
1520.5
574.5
1446.0
1317.0
1281.0
1318.0
1734.5
1071.5
1367.5
1067.0
1380.5
981.0
1493.5
1266.0
1469.0
1508.5
1166.5
1329.0
1677.5
1690.5
1365.5
1593.0
1190.0
1490.5
1518.5
1514.5
1321.0
1081.0
1656.5
1556.5
1434.0
1205.0
973.0
1498.5
1770.5
1324.0
1417.5
1359.5
1510.5
1405.0
1451.5
1243.5
1261.0
1105.0
1758.0
1627.0
1395.0
1323.0
1439.5
1260.5
1487.5
1394.5
1279.0
1535.0
1688.0
1323.0
1210.0
1466.0
1254.5
1381.5
1313.0
1621.0
1007.0
1277.5
1156.0
1397.0
1490.5
1282.0
1570.0
1149.5
1365.5
1356.0
1436.5
1309.0
1319.5
1473.0
1629.0
1620.0
1315.5
1157.0
1266.0
1183.0
1196.0
1144.5
1154.0
1378.5
1217.0
1481.0
1690.0
1401.5
1565.0
1296.0
1258.5
1283.5
1338.5
1556.0
1663.0
1340.0
877.5
1243.0
1607.0
1215.0
1555.0
1407.0
1571.0
1294.0
1168.5
1320.0
823.0
1438.0
1456.5
1218.5
1471.0
1200.0
1664.5
1110.5
1569.5
1325.0
1556.0
1038.0
1320.0
1664.5
1234.5
1406.0
1321.5
1423.5
1447.0
1259.0
1090.0
1566.5
1372.5
1443.5
1307.5
1725.0
1035.0
1701.5
1453.5
1472.5
1474.5
1302.5
1260.5
1447.5
1476.5
1469.0
1479.5
1607.0
1360.5
1262.0
1400.5
1209.5
977.0
1226.0
1598.0
1074.5
1334.0
947.0
1412.0
1286.0
1259.0
1175.5
1520.5
1451.5
1382.0
1338.5
1394.0
1245.5
1604.0
1508.5
1257.5
1183.5
1261.0
1454.5
955.5
1397.5
1180.0
1677.5
1655.0
1572.5
1550.5
1476.0
1175.0
1451.0
1465.0
1102.5
1237.0
1264.5
870.0
1265.0
1456.5
1255.0
1488.5
1624.5
1334.5
1285.0
1321.0
1271.0
1375.0
1314.5
1133.0
1279.0
1189.5
1376.5
1605.0
1310.5
1296.5
1417.5
1134.5
1172.5
1257.5
1203.5
1321.0
1455.0
1121.0
1244.5
1352.5
872.0
1410.0
1604.5
1435.0
1144.5
1286.5
1342.0
1266.0
1507.0
1117.5
1492.5
1502.0
1295.5
1338.5
1062.0
1082.5
1450.0
1394.0
1421.5
1429.0
1484.0
1247.0
1224.5
1352.5
1468.5
1373.5
1505.5
1486.5
1199.0
1451.5
1376.0
1460.5
1247.0
1410.0
1423.5
1312.0
1185.5
1346.0
1379.5
1391.5
1231.0
1475.0
1278.0
1205.0
1235.0
1571.5
1526.5
1643.0
1357.5
1241.5
1368.5
1053.0
998.0
1510.5
1233.0
1114.0
1381.0
1241.5
1302.5
1563.5
1346.5
1404.5
1336.5
1435.0
1287.0
1238.5
1191.0
1201.0
1295.0
994.0
945.0
1697.5
1222.5
1089.5
1446.5
1705.5
1587.5
1207.5
1236.5
1345.0
1068.5
1174.5
1114.0
1787.0
1577.0
892.0
1162.0
1440.5
1023.0
1480.0
1532.5
1406.5
1334.0
1328.5
1509.5
1078.0
1496.0
1516.0
1684.5
1349.5
1295.5
1256.0
1254.5
1076.5
933.0
965.0
1503.0
1252.0
1253.0
1506.0
1487.0
1450.0
1590.5
1133.5
1209.0
1586.0
1439.0
1347.5
1492.0
1687.0
1189.0
1530.5
1378.0
1373.5
1610.5
1106.5
966.0
1227.5
1296.0
1628.0
629.0
1137.0
1508.5
1425.0
1326.0
1476.5
1240.0
1084.5
1231.5
1446.0
1361.5
1382.5
1475.5
1751.0
1080.0
1364.0
1173.5
1046.0
1633.5
1371.0
1421.0
1735.0
1293.0
1571.5
1276.5
1105.0
1520.0
1625.0
1403.5
1356.5
1333.5
1689.5
1551.5
1713.0
1424.5
1328.0
1394.5
1645.0
1440.0
1588.5
1244.0
1410.0
1176.5
1388.5
1153.5
1525.0
1211.0
1320.5
1309.5
1367.0
977.0
1091.0
1395.5
1583.0
1156.5
1449.5
1326.5
1508.0
1577.0
1460.0
1700.0
1458.5
1116.5
1413.5
1243.5
1304.5
1627.0
1564.0
1564.0
1342.0
896.0
1470.0
1333.0
1293.5
1201.0
1544.0
1607.5
1206.0
1307.0
1295.0
1207.5
1208.5
1748.0
1190.0
1081.5
1061.0
1385.5
1698.5
1497.5
1469.5
1266.0
1357.0
1438.5
1622.0
1112.0
1542.0
1442.5
1447.5
1212.5
1536.0
1442.5
1472.5
1245.5
1589.0
1310.0
1367.5
1534.0
1353.5
1414.5
1313.0
1216.5
1266.5
1262.5
1688.5
1597.0
1476.5
1697.0
1356.0
1431.5
1118.0
1282.0
1387.0
1407.0
1181.5
1225.0
1277.5
1421.5
1232.0
1129.0
1448.5
1345.0
1254.5
1226.0
1326.5
1080.0
1453.0
1135.0
1394.0
1282.0
968.0
741.5
1450.5
1112.0
1320.0
1190.0
1157.0
1399.5
1309.5
1649.5
1278.5
1433.0
1279.5
1285.0
1237.5
1301.5
1553.5
1554.0
1119.5
1384.0
1361.0
1109.5
1451.5
1261.0
1567.5
1463.0
1281.5
1496.0
1194.0
1262.0
1459.0
1083.0
887.0
898.5
1195.0
1249.0
1258.0
1366.5
1777.0
1689.5
1419.0
1379.5
1365.5
1240.0
1412.5
1619.0
1442.5
1529.5
1388.5
1318.0
1404.5
1523.0
1540.0
1428.5
1451.5
1527.0
1415.0
1492.0
1413.5
1402.0
1514.0
1227.5
1398.5
1384.5
1521.0
1483.0
1142.0
1236.0
1491.0
1552.5
1520.0
1100.5
731.0
1208.0
1148.5
1486.5
1347.5
1455.0
1570.0
1387.0
950.5
1026.5
1146.0
1404.0
1596.5
1272.5
1499.0
1441.0
1516.0
1387.0
1147.5
1375.0
1386.5
1207.0
1332.5
1257.5
1254.5
1645.0
1298.5
1236.0
1302.5
1412.0
1369.5
1526.0
1241.0
1510.5
1435.0
1473.5
1418.5
1412.5
1739.5
1060.0
1351.0
1340.5
1655.0
1192.0
1329.0
1472.0
1301.0
1652.5
1204.5
863.0
1381.0
1112.0
1119.0
1522.0
1543.0
1436.0
1320.0
1007.5
1268.5
1341.0
1454.5
1510.5
1469.5
1635.0
1250.5
1168.0
1405.5
1336.0
1438.0
1098.5
1524.0
1038.0
1131.5
1298.0
1197.5
873.5
745.5
1346.5
1408.5
1150.0
1599.5
1295.5
1335.0
1469.5
1433.0
1219.5
1423.5
1311.5
1501.5
1298.5
1122.0
1475.5
1481.0
1610.0
1476.0
1299.0
953.5
1399.5
1618.0
1251.5
1368.5
1442.5
1525.5
1175.0
1513.5
1626.0
1106.0
1330.5
1405.5
999.5
1439.5
1435.0
1099.5
1127.5
1460.0
1461.0
1507.0
1456.0
1628.0
1266.5
1605.0
1508.5
1297.5
1328.0
1700.0
1497.5
1617.5
1423.5
1155.0
1407.0
1612.5
1151.0
1776.0
1462.0
1381.0
1260.0
1377.5
1072.0
1466.5
1522.5
1347.5
1496.5
1225.0
1354.0
1426.5
1483.0
1255.0
1551.5
1403.0
1458.5
1431.0
1577.0
1392.0
952.0
1262.5
545.5
1528.0
1448.5
1320.5
1516.0
1399.5
1496.5
1309.0
1095.5
1418.0
1513.5
1361.0
1395.5
956.0
1375.0
1191.5
1526.0
1483.5
1337.5
1571.0
1209.5
1240.0
1086.0
1438.0
1531.0
1493.5
1733.0
1489.5
1254.5
1126.0
1291.0
1251.0
1625.5
1019.0
1403.5
1420.5
1592.0
1741.5
1292.0
1219.5
1395.0
1070.5
1525.0
1539.5
1208.0
1039.5
1475.0
1336.0
1634.0
1233.0
1278.5
1223.5
1501.0
1382.0
1156.0
1433.0
1289.0
1305.0
1272.5
1132.5
1158.0
1681.5
1575.0
1467.0
1191.0
1591.5
901.0
1416.5
1309.0
1293.0
1706.0
1207.0
1395.5
1533.5
1425.0
1388.5
1244.0
1401.0
1446.0
1207.5
1531.5
1459.5
1110.0
1184.5
1573.5
1345.0
1443.0
1600.0
1365.0
1750.0
1184.0
1150.0
1516.0
1436.5
1039.0
1128.0
1726.5
1378.5
1223.0
1211.0
1310.5
1220.5
1569.5
1435.5
1517.0
1202.5
1584.5
1357.0
1369.0
1543.0
1285.0
1621.0
1438.0
1159.5
1103.5
1364.0
1157.0
1528.0
1543.5
1489.5
1276.0
1526.5
1468.5
1155.0
1307.5
1455.5
1587.0
1693.5
1539.5
1166.5
1345.5
1273.5
1371.5
1123.5
1432.5
1410.0
1478.0
1707.0
1449.0
1527.0
1643.0
1524.5
1180.0
1325.0
1364.0
1189.0
1289.0
1427.5
1512.0
1202.0
1230.0
1578.5
1645.5
994.5
1518.5
1551.0
1542.0
1303.5
1485.5
1528.0
1417.0
1518.5
1435.5
1436.5
1791.0
1472.5
1370.0
1343.5
1261.0
1316.5
1624.5
1405.0
1449.0
1286.0
1439.0
1434.5
1533.0
1257.5
1397.5
1284.5
1279.0
1265.0
1269.0
1408.5
1328.5
1605.0
1225.5
1358.0
1476.5
1541.5
1575.0
1689.0
934.5
1438.0
725.0
1341.0
1351.0
1206.0
1458.0
1433.5
1379.0
1232.5
1112.5
1396.5
1628.5
1625.0
1529.0
1473.0
1501.5
1274.0
1421.0
1399.5
1474.0
1245.0
1497.5
1582.5
1257.5
1588.5
1422.0
1596.5
1034.0
969.0
1489.5
1214.5
1301.5
1413.5
1624.0
1184.0
1388.0
1057.0
1360.0
1521.0
1511.5
950.5
1055.0
1422.0
1128.5
1268.5
1458.0
1180.0
1259.0
1249.0
1467.0
1222.0
1386.0
1015.5
763.0
1386.5
1419.0
1222.0
1200.5
1473.0
1473.5
1500.5
1469.5
1306.5
1510.0
1518.5
1344.0
1099.5
1371.0
1339.5
1804.0
1035.0
1227.5
1494.5
1189.0
1450.5
1409.5
1009.5
1307.0
1136.5
1681.5
1482.5
1412.5
1589.0
1600.0
1136.0
1298.5
1331.5
1401.0
1392.5
1205.5
1198.5
1257.0
1592.5
1185.0
1456.0
1349.5
1387.5
1299.0
1280.5
1477.5
1157.0
1105.5
1232.0
1643.0
1605.5
1486.0
1653.0
1167.5
1348.5
1657.0
1685.5
1487.0
946.0
1216.0
1186.0
1559.5
1164.0
1370.5
1327.5
1447.5
1316.5
1031.0
1563.5
1160.0
1308.0
1414.5
995.5
1362.5
1231.5
1320.0
1238.0
1536.5
1580.0
1329.5
1398.5
1064.0
1415.5
1407.5
1337.0
1464.5
1357.5
1322.5
1106.0
1547.0
1221.0
1293.5
1051.5
1721.0
1267.0
657.5
1008.5
718.0
826.5
1520.5
1556.0
1492.0
1511.0
1421.0
1436.5
1261.0
1426.5
1402.0
1237.0
1249.0
1299.0
1470.5
1354.0
1300.5
1520.0
1311.0
1127.5
1064.5
1495.5
1532.0
1326.0
1465.0
1181.5
1662.0
1287.5
1226.5
1489.0
1215.0
1400.0
1204.5
1275.0
1397.5
1207.0
1329.0
1092.0
1413.5
1507.5
1384.0
1464.0
1621.5
1050.5
1524.5
1322.0
1454.0
1086.0
1279.5
1594.5
1195.0
1564.5
1269.0
1474.5
1337.0
1576.5
1529.0
1296.5
1010.0
1598.0
1371.0
1547.5
1325.0
1270.0
1364.0
965.5
1399.0
1557.5
1257.0
1290.0
1372.0
1204.0
1146.0
1253.5
1581.0
1315.5
1461.0
1266.0
1320.5
1389.5
1455.0
1488.0
1415.5
1686.0
1419.0
1203.0
1262.5
1175.5
1406.5
1094.0
1295.0
1342.5
1458.0
1647.0
1434.0
1271.0
1226.5
973.0
1469.5
1489.0
1382.5
1007.5
1539.0
1459.5
1143.0
1541.5
1610.0
1484.5
1566.5
1416.5
1494.5
1542.5
1674.5
1172.5
1255.0
991.0
1212.0
1525.5
1043.0
1067.5
1247.5
1072.5
1623.5
1243.5
1415.0
1235.5
1511.5
1056.5
1298.5
1342.5
1310.5
1484.0
1233.0
1388.5
1361.5
1392.5
1251.5
1791.5
1119.5
1505.5
1175.0
1373.5
1286.5
1481.5
1286.0
1371.0
1226.0
1493.5
1551.0
1295.5
1648.5
1475.5
1118.0
1305.5
1312.0
1329.0
1698.0
1137.0
1519.0
1509.0
1360.0
1361.5
1552.5
1106.0
1293.5
1598.0
1332.0
1187.5
1341.5
1358.0
1122.5
1250.0
1543.5
1561.5
1131.5
1386.5
1103.5
1407.0
1155.5
1370.5
1487.5
1519.0
1326.5
1246.5
962.5
1025.5
1477.5
1157.0
1521.5
1345.5
1564.0
1417.0
1554.5
1277.0
1119.0
1548.5
1586.0
1278.5
1117.0
1227.0
1674.5
1448.5
1142.0
1345.0
1235.0
1375.5
1628.5
1459.5
1430.5
1498.5
1650.5
1319.0
1463.0
1065.5
1076.5
1655.0
1565.5
1409.5
1650.0
1555.5
1464.0
1196.5
1145.0
1377.5
1676.5
1288.0
1298.5
1469.5
1230.5
1359.5
1446.5
1561.0
1299.0
1361.0
1669.5
1508.5
1283.5
1525.5
1502.0
1210.5
1190.0
1200.5
1082.5
1630.0
1206.5
1329.0
1371.0
1621.0
1330.5
1321.5
1397.5
1423.5
1320.0
1547.0
1287.5
1386.5
1346.5
1540.5
1247.5
1600.5
1574.5
1477.0
1263.0
1434.0
1566.0
1651.0
1657.0
1624.0
1191.5
1414.0
1342.0
1489.0
1596.0
1249.5
1270.5
1151.0
1204.0
1315.0
1303.5
1430.0
1424.5
1372.5
664.0
1125.5
1605.5
1496.0
1238.5
1449.5
1073.0
1378.0
1410.0
1501.0
1346.5
1513.5
1423.0
1148.5
1063.5
1042.0
1314.5
1375.5
1560.5
1311.5
1407.5
1483.0
1171.0
1589.5
1413.5
1219.5
1486.0
1538.5
1131.0
1242.5
1382.0
1556.5
1324.5
1551.5
1746.5
1319.5
1260.0
1243.5
1237.5
1569.0
1095.5
1493.0
1442.0
1664.5
1405.0
733.0
1629.5
1470.0
1692.0
1094.0
1432.5
1391.0
1090.5
1332.5
1251.5
1379.5
1417.5
1397.0
1414.0
1123.5
1140.5
1355.0
1168.5
1543.0
1147.0
1001.5
1118.0
1513.5
1252.5
1477.5
1442.0
1276.5
1240.0
1156.5
1333.0
1545.5
1610.0
1444.0
1615.0
1604.5
1261.5
1251.0
1592.5
1656.0
1434.5
1441.5
1489.5
1220.5
1476.0
1596.5
1286.5
1477.0
1162.5
1680.0
1321.0
1424.0
1340.0
1132.0
1285.5
1102.0
1510.5
1415.5
1722.5
1370.5
1224.5
1562.5
1416.0
1583.5
1365.5
1479.5
1213.5
1280.0
1493.0
1471.5
1403.0
1521.0
979.5
1547.5
1659.0
1436.5
1244.0
1294.0
1225.0
1519.5
1236.0
1518.0
1497.0
1132.5
1593.5
1207.0
1496.5
913.5
1296.5
1135.5
1304.0
1639.5
1061.5
1271.0
1582.5
1410.0
1521.0
1371.5
1183.0
1512.0
984.0
1155.5
1443.0
1056.5
1452.0
1668.5
1124.5
1361.0
1567.0
1344.0
1601.0
1351.0
1525.0
1369.0
986.5
1591.0
1078.0
1449.0
1135.0
1171.0
1313.5
1320.0
1565.5
1388.0
737.5
1496.5
1569.5
1150.0
1478.0
1160.5
1361.5
1662.5
1506.0
1167.0
1385.5
1227.5
1380.5
1360.0
1538.0
1502.5
1171.0
918.0
1400.5
1310.5
1031.5
1442.0
1569.5
1197.5
1588.5
1512.5
1414.5
1186.5
1342.5
1475.0
1416.5
1468.5
1312.0
1664.0
1388.5
1365.5
1533.0
1157.5
1397.5
1575.5
1715.0
1424.5
1335.5
1355.5
1408.0
1513.0
975.0
1156.5
1354.5
1297.0
1408.0
1341.5
1517.5
1306.5
1304.5
1239.0
1284.0
1364.5
1448.5
1438.0
1067.0
1450.5
1632.0
1352.0
1476.0
1476.5
1459.5
1268.0
1500.0
1489.0
1550.5
1316.0
1347.0
1490.5
1419.0
1391.0
1308.0
1379.0
1436.0
1581.5
1210.5
1260.5
1509.5
1166.0
1025.5
1188.5
1205.5
1220.0
1589.5
1203.5
1371.5
1633.0
1029.0
1584.0
1399.0
1293.5
1473.5
1412.0
1448.5
1473.0
1669.5
1415.0
1314.0
1521.0
1477.5
1494.0
1306.0
1434.0
1576.5
1532.0
1268.0
1587.0
1280.5
1578.0
1217.5
1533.0
1356.0
1461.5
1491.5
1534.0
1324.0
1409.5
1608.0
1371.0
1258.0
1404.0
1255.5
1720.0
1381.5
1197.5
1450.5
1080.5
1441.0
1393.5
1506.5
1644.5
1255.5
1384.0
1458.0
1248.5
1394.0
1347.0
1557.0
1197.0
1574.0
1244.5
1555.0
1483.5
1365.5
1591.5
988.0
1456.0
1278.5
1565.5
1467.5
1670.5
1338.0
1528.5
1685.0
1591.5
1570.0
1386.0
1571.5
1522.0
1441.5
1588.5
1273.5
1549.0
1534.0
934.5
1323.0
1431.0
1463.0
1541.5
1141.0
1528.5
1218.5
1378.0
1301.5
1332.0
1353.0
1346.0
1669.0
1392.0
1204.5
1542.0
961.0
1411.5
1511.0
1391.5
1087.0
1502.5
1529.5
1732.0
1328.5
1412.5
1413.0
1387.0
1499.0
1380.5
1460.5
1361.5
1318.0
1599.5
1469.0
1372.0
1400.0
1242.0
1590.5
1486.5
1288.0
1491.0
1706.5
1302.0
1694.5
1395.5
1294.0
1093.0
1535.0
942.5
1222.0
1157.0
1268.5
1351.0
1254.5
1482.0
1456.0
1616.0
1545.5
1422.0
1433.0
1746.5
1343.0
1172.0
1485.0
1540.0
1289.0
1269.5
1385.0
1152.0
1463.5
1492.5
1494.5
1443.0
1252.5
1506.5
1445.5
1311.0
1383.5
1309.5
1566.0
1402.5
1739.5
1349.0
1331.0
1099.5
1477.5
1356.0
1435.5
1214.0
1041.0
1525.0
1314.5
1314.5
1397.0
1354.5
1429.0
1510.0
1166.5
1357.5
1141.5
1625.0
1202.0
1608.0
1020.5
1443.5
1231.0
1406.0
1678.5
1450.0
1544.0
1547.5
1391.5
1316.5
1278.0
1462.0
1708.5
1572.0
1352.0
1435.0
1359.5
1390.5
1566.0
1301.5
1693.0
1150.0
1424.5
1342.5
1478.5
1464.0
1360.0
1439.5
966.0
1355.0
1466.5
1109.0
1149.5
1322.5
1686.5
1464.0
1213.0
1343.5
1520.5
1558.0
998.5
1409.5
1300.0
1113.5
1235.5
1396.5
1402.5
1410.5
1324.5
1264.0
1373.5
1469.5
1379.5
1446.0
1365.5
1248.0
1504.0
1477.0
1386.5
1496.5
1498.5
1507.0
1528.5
1254.0
1323.5
1750.5
1146.5
1185.5
992.0
1573.5
1670.5
1239.0
1567.0
1532.0
1250.0
1380.5
1584.5
1325.5
1258.5
1576.5
1631.5
1206.5
1541.5
1648.5
1275.5
793.5
1303.5
1129.0
1574.5
1463.0
1560.0
1680.0
1292.0
1272.5
1490.5
1514.0
1282.5
1503.0
1253.0
1675.5
1723.5
1439.0
1359.5
1042.5
1369.5
1500.0
1478.5
1439.5
1595.0
1286.5
1606.0
1239.0
1218.5
1206.0
1042.0
1456.5
1030.5
962.0
1016.0
1452.5
1573.0
1131.0
1192.5
1403.0
1604.5
1234.5
1243.0
1070.5
1463.5
1070.0
1292.0
1418.5
1507.0
1722.5
1221.5
1046.0
968.0
1435.0
1170.5
1420.0
1377.5
1456.5
1219.5
1341.0
1461.5
1342.0
1565.5
1364.0
1332.5
1329.5
1435.5
1551.5
1452.5
1322.5
1586.5
1283.5
1272.0
1391.0
1422.0
1558.5
1241.5
1130.0
1528.5
1200.0
1683.5
1422.5
1112.5
1237.5
964.0
1370.5
1545.0
1507.0
1110.0
1331.0
1388.5
1362.5
1464.5
1010.5
1221.5
1183.5
1405.0
1269.5
1175.0
1529.5
1029.0
1286.5
1470.0
1238.5
1416.5
1301.0
1814.5
1146.0
1251.0
1180.5
1599.5
1267.5
1152.5
1551.5
892.0
1686.5
1195.0
1261.0
1349.5
1233.0
1564.5
1086.0
1446.5
1186.0
900.5
1199.5
1406.0
1202.5
1278.0
1398.5
1457.5
1594.0
1397.0
1537.5
1334.0
1086.5
1855.0
1286.0
1351.0
1305.5
1796.0
1367.0
1259.5
1432.5
1530.0
1004.0
1347.0
1242.0
1424.5
1088.5
1284.0
1601.0
1351.5
1160.0
1466.0
1299.5
1277.0
1563.0
1231.0
1416.0
1369.5
1324.0
1339.0
1544.0
1619.5
1648.5
1268.5
1413.0
1599.5
1273.5
1014.0
1127.0
1073.0
1497.0
1594.0
1779.0
1469.0
1576.5
1444.5
1374.0
1199.0
1075.0
1382.0
1418.5
1459.5
1552.5
1278.5
1586.0
1582.5
1191.0
1108.5
1417.0
1364.0
1205.0
1363.0
1041.0
1320.0
1398.0
1187.5
1393.0
1556.0
1623.5
1369.0
997.0
1548.5
1164.0
1386.5
1550.5
1311.0
1191.5
1580.0
1440.0
1027.5
1369.0
1197.0
1303.5
1562.0
1144.0
1277.0
1383.0
1410.0
1114.5
1538.5
1228.5
915.0
1506.0
1038.5
1598.5
1126.5
1226.5
1283.0
1593.5
1354.5
1192.0
1165.5
1352.5
1387.5
1320.0
1178.0
1739.0
1536.0
983.0
1375.0
1303.0
1296.5
1537.0
1387.5
1577.0
1394.5
1547.0
1331.0
1334.5
1223.0
1576.0
1313.5
1243.5
1249.5
1557.5
1568.5
1232.0
1167.0
1113.5
1388.0
1372.0
1526.0
1426.0
1273.5
1612.5
1217.5
1464.5
1324.0
1374.0
1352.0
1613.5
1265.5
1304.0
1632.5
1343.5
1344.0
1314.0
1701.5
1325.0
1309.5
1318.5
918.5
1368.5
1168.0
1570.0
1350.5
1546.0
1573.5
1204.0
1386.0
1535.5
1328.0
1612.0
1166.5
1072.0
1238.5
1386.0
1243.0
1005.0
1397.0
1270.0
1475.0
1643.0
1392.0
1545.5
1520.5
1169.5
1590.5
1498.5
1281.5
1398.0
1282.0
1650.5
1622.0
1369.5
1383.0
1153.5
1040.5
979.5
1328.0
1295.0
1319.0
1673.5
1250.0
1293.5
1202.5
1640.0
1261.0
1574.5
1463.0
1226.0
1485.5
1580.5
1447.0
1219.5
1285.5
1629.0
1578.5
1327.0
1221.0
1493.0
1591.5
1388.5
1522.0
1382.5
1848.5
1339.5
1583.5
1448.5
1079.0
1310.5
1013.5
1231.0
1358.5
1173.0
1421.0
1186.0
1341.0
1752.0
1146.0
979.5
1248.0
1154.5
1510.0
1509.0
1368.0
1279.0
1277.5
1402.5
1410.5
1410.5
935.0
1215.5
1085.0
1288.5
1452.0
1556.5
1381.0
1360.5
1042.5
1290.5
1526.0
1183.5
1046.0
1400.0
1450.5
1135.0
1288.0
1478.0
1394.5
1581.5
1505.0
1512.0
1349.5
1590.0
1427.0
1320.0
1027.0
1630.5
1196.0
1535.5
1599.0
1213.0
1463.5
1252.0
1300.0
1648.5
1232.5
1130.0
1102.0
1186.5
1321.0
1322.5
1573.0
1164.0
1168.5
1229.0
1422.0
1206.0
1336.0
1237.5
1431.5
1076.0
1400.5
1604.5
1213.5
1500.0
1497.5
1398.5
1816.5
1229.0
1123.0
1569.5
1101.5
1393.0
1015.5
1572.0
936.0
1357.5
1358.5
1318.5
1299.5
1598.0
1143.0
1694.5
1162.5
1606.5
1467.0
1144.0
1337.0
1502.0
1402.5
1366.0
1580.0
1348.5
1358.5
1254.0
1565.5
913.0
1149.5
1867.0
1319.5
1395.0
1123.0
973.0
1619.5
1356.5
1135.0
1634.5
1127.5
1575.0
1512.5
1289.0
757.5
1344.5
1102.0
1013.5
1486.0
870.5
1430.5
1333.5
1521.0
1244.5
1181.0
1402.5
1354.0
1410.5
1452.0
1261.0
1143.5
1480.5
1413.0
1308.5
1534.5
1499.0
1173.5
1472.5
1709.0
1309.0
1471.0
1279.5
1487.5
1162.0
1300.0
1500.0
1137.0
1463.5
1240.5
1416.5
1650.0
1068.0
1417.5
1030.0
1326.0
1485.0
1244.5
1369.5
1409.0
1428.5
1256.0
1419.5
1366.0
1447.5
1601.5
1549.5
1248.5
1094.0
1620.5
1362.5
1626.0
1312.5
1275.0
1277.5
1371.5
1585.5
1172.0
1487.5
1244.0
1330.5
1594.5
1085.0
1473.5
1535.0
1298.5
1626.0
1646.0
1286.0
1235.0
865.0
1358.5
1138.0
1583.0
1577.0
1558.5
1551.5
1443.5
1200.0
983.0
1204.5
1269.5
1535.5
1185.5
1169.5
1197.5
1362.0
1397.0
1340.0
1541.0
1243.0
1452.5
1362.0
1144.5
1217.5
1459.5
1536.0
1024.5
1586.5
1349.0
1367.0
1573.5
1364.5
1357.0
1525.5
958.0
1071.5
1483.5
1418.5
1417.0
1184.5
1583.0
1478.5
1494.0
1553.5
1610.5
1126.0
1575.5
1469.0
1557.0
1382.5
1580.5
1284.0
1191.0
1182.0
1519.5
1480.0
1602.0
1541.0
1486.0
1511.0
1505.5
1286.0
1240.5
1616.5
1209.0
1251.5
1192.5
1683.0
1398.5
1430.5
1372.5
1522.5
1054.5
934.0
1514.0
1371.5
1612.0
1549.0
971.0
1085.5
1432.0
1282.5
1413.5
1363.0
1357.0
1534.0
1286.0
1505.5
1275.0
1332.5
1483.0
1380.0
1528.5
1669.5
1419.5
1628.5
1159.0
1036.5
1530.5
1339.5
1721.0
1575.0
1042.0
1530.0
1541.5
1523.0
1426.0
1274.5
1737.0
1400.5
1560.0
1470.5
1461.5
1310.0
1585.5
1198.0
1428.5
1497.5
1422.0
1494.0
1213.5
1386.5
1396.0
1285.0
1542.5
1354.0
1284.0
1291.5
1115.0
1620.0
1227.0
1403.0
1423.0
1203.0
1300.0
872.0
1159.5
1497.5
1063.0
1226.5
1175.0
1262.5
1119.5
1282.0
1148.0
1290.5
1265.5
1255.5
1195.0
1446.0
1412.0
1553.5
1599.0
1243.0
1681.0
1297.0
1520.5
1060.5
1317.5
1199.5
1490.0
1279.5
1515.0
1129.5
1421.0
1267.0
1233.5
1111.0
1261.5
1358.5
1531.0
1386.5
1509.0
1357.5
1540.5
1304.0
1509.5
1478.0
1572.5
1333.0
1340.5
1428.0
1620.0
1187.5
1009.5
1452.5
1184.0
1391.5
1380.0
1370.0
1222.5
1322.5
1633.0
1280.5
997.0
1675.5
1669.5
1387.5
1300.0
1343.5
1459.5
1531.0
1178.0
1344.0
1167.5
1551.0
1123.5
1550.5
1347.0
1427.0
1374.0
1211.5
967.0
1814.0
1406.0
1213.5
1535.0
1381.0
1296.0
1456.5
1166.0
1347.5
1550.0
1308.5
1496.5
1545.5
1405.0
1422.5
1446.5
1266.5
1494.0
1567.5
1396.5
1270.0
1261.5
1417.0
1367.5
1514.0
1466.5
1064.0
1399.5
1479.5
1280.5
1414.0
1168.0
1516.0
889.0
1557.0
1362.5
1257.5
1214.5
1115.5
1496.5
1238.0
1468.0
889.0
1224.5
1025.0
1014.5
1262.5
1421.0
1427.5
1408.0
1558.5
1217.0
1109.0
1476.5
1470.5
1160.5
1601.0
1736.0
1483.0
1306.0
1599.5
1499.5
1615.5
1394.5
1052.5
1598.5
1407.0
1010.5
1536.5
1495.5
1389.0
1295.0
1524.0
1468.5
1308.5
1112.5
1077.5
1391.0
1706.5
1338.5
1075.0
1485.0
1493.5
1518.5
1494.5
1183.5
1530.0
1238.0
1621.0
1465.0
1370.5
1092.5
1263.5
1527.5
1316.0
1818.5
1493.5
1298.5
1576.0
1562.5
1323.0
1125.0
1135.0
1283.0
1607.0
1637.5
1519.0
1302.5
1313.5
1056.5
1567.5
1250.5
1392.0
1193.5
1447.0
1511.5
1501.0
1514.5
1441.0
1316.0
1347.0
1531.0
1416.0
1476.0
1553.5
1381.5
1109.5
1685.0
1363.5
1567.0
1370.5
1377.0
1382.0
1185.0
890.0
1293.0
1198.0
1436.5
1731.0
1335.5
1328.5
1669.0
1036.0
1308.0
1242.5
1429.5
1191.5
1286.0
1381.5
1635.0
1347.0
1744.5
1462.0
1289.5
1219.5
1467.0
1344.5
1267.0
896.0
1684.5
1543.5
1035.0
1527.5
1642.0
1259.5
1102.5
1164.5
1204.5
1043.5
1462.0
1592.0
1401.5
812.5
1178.0
1219.5
1101.0
1712.5
1507.0
1389.5
1533.0
1442.5
1351.0
1263.5
1295.5
1213.5
1556.5
1455.5
1505.0
1434.0
1585.0
1160.5
1178.0
1399.0
1372.0
1112.5
1448.0
1181.0
1465.5
1185.5
1603.5
1639.0
1401.0
1445.5
1570.0
1047.5
1590.5
1289.0
1214.5
1268.5
1501.5
1452.0
1013.5
1028.0
949.0
1300.0
1327.5
1230.0
1261.5
846.5
1455.5
1409.5
1180.5
1273.5
1249.0
1565.0
1552.0
1256.0
1394.5
1122.5
1277.5
1112.0
1484.5
1399.0
1575.5
1334.0
1496.5
1503.0
1218.5
1578.5
1717.0
1040.5
1534.5
1496.0
1518.0
1294.5
1026.0
1263.0
1745.0
1211.5
1557.5
1541.0
1657.0
1184.0
1738.5
1371.5
1274.5
1119.0
1449.0
1569.0
1475.0
1442.0
1502.0
1454.0
1115.0
1342.5
1360.5
1504.0
1481.0
1478.0
896.0
1608.0
1226.0
1207.5
1433.5
1590.5
1393.5
1800.5
1706.0
1075.5
1436.0
1549.5
1204.5
1609.5
1476.5
1217.0
1543.5
1617.0
1331.0
1542.5
1252.5
1119.5
1449.5
1401.0
1203.0
1280.0
1296.5
1526.5
1316.5
1328.5
1193.5
1241.5
1290.0
1554.0
1474.0
1579.5
1500.5
1266.5
1047.5
1166.0
1506.0
1507.0
1494.0
1260.5
1514.5
1512.5
1136.0
1525.0
1443.0
1034.5
1711.0
1275.0
1582.0
1286.5
1269.0
1549.0
1628.0
1600.5
1304.0
1136.0
1612.5
1644.5
1559.0
1448.5
1275.0
1418.5
1496.5
1348.5
1350.5
1394.0
1481.5
1206.5
1218.5
1296.5
1383.5
1477.0
1402.0
1227.0
1454.5
974.5
1208.0
1568.5
1139.0
1468.0
1265.0
1264.5
1644.0
1396.5
1422.0
1445.5
1558.5
1105.5
1373.5
1530.0
1535.0
1113.0
1151.0
1541.5
1475.0
1702.5
1284.0
1626.0
1076.5
1391.0
1366.5
1506.0
1356.0
1084.0
1243.0
1363.0
1446.0
1192.0
1240.0
1424.5
1379.5
1299.0
1488.0
1086.5
1431.0
1480.0
1439.0
1627.0
1514.5
1199.5
1659.5
1173.5
1479.5
1295.5
1394.0
1193.5
1361.0
1305.0
1473.5
1457.0
1409.0
1326.5
1279.5
1665.5
1677.0
1345.5
1563.5
997.5
1323.0
1124.5
986.0
1345.5
1395.0
1353.5
1314.0
1640.0
1184.5
1083.0
1292.5
1283.0
1134.0
1592.0
1464.5
1330.5
1421.0
1507.0
1501.0
1262.0
1418.5
1175.5
1462.5
1570.0
1366.0
1510.0
1359.0
1046.5
1379.0
940.5
1495.0
1426.5
1510.0
1479.0
1038.0
1755.5
1433.0
1631.5
1013.5
1656.0
1571.0
1096.0
1165.0
1565.5
1121.5
1500.5
1631.5
1357.5
1000.0
1328.5
1616.0
1486.5
1501.0
1490.0
1283.5
1207.5
1712.0
1442.0
1476.0
1449.0
1220.0
1322.0
1297.0
1508.5
1158.0
1665.0
1535.5
1389.0
1567.0
1513.0
1517.5
1586.0
1314.0
1699.0
1553.0
1441.0
1277.0
1727.5
1039.5
1123.5
1493.5
1228.5
1605.5
1171.5
1613.0
1339.5
1474.5
1372.5
1502.0
1439.0
1358.5
1509.5
1322.5
1414.0
1472.0
1498.0
945.5
1341.0
1438.5
1478.5
1212.5
1542.0
1627.0
1572.0
1648.0
1549.5
1362.0
1166.0
1162.5
1179.5
1546.0
1560.0
1581.5
1255.0
1467.0
1449.0
986.0
1252.0
1205.5
1051.0
1389.5
1426.5
1162.0
1225.5
1614.0
1501.0
974.0
1327.5
1542.0
1229.5
1245.5
1154.0
1265.5
1290.0
1092.0
1524.0
1179.5
1394.5
1233.5
900.5
1269.5
1413.0
1286.0
1375.5
1356.5
1143.5
1555.0
1311.0
1383.0
1346.0
1401.0
1328.0
1366.0
1557.0
1498.0
1505.0
1413.0
1131.0
1112.0
1354.0
1448.0
1598.5
1314.5
1406.0
1194.5
1374.0
1333.0
1371.0
1429.0
1420.5
1064.5
1393.0
1383.5
1421.5
1383.0
976.5
1145.0
1331.0
1340.0
1351.0
1127.5
1378.0
1521.5
1383.0
1574.5
977.5
1355.0
1121.0
1013.5
1230.5
1151.0
1628.0
1660.0
1017.0
1636.5
1569.0
1595.0
1553.5
1305.5
819.0
1521.0
1184.5
1666.5
1444.0
1452.0
1291.5
1512.5
1477.5
1494.5
1394.5
1676.0
1437.0
1526.0
1284.5
1400.5
1695.0
1608.5
1393.5
1363.5
1168.0
1544.5
1534.0
1035.5
1143.0
1506.5
1407.5
1402.5
1542.5
1294.0
1384.5
1133.5
1181.0
1505.0
1302.0
1502.0
1030.0
1317.5
1002.0
1404.5
1417.0
1588.5
1260.5
1365.5
1239.0
1462.5
1056.0
1559.0
1509.0
1018.5
1597.5
1397.5
1367.5
1418.0
1548.5
1404.5
1368.5
1434.0
1165.5
1417.5
1427.0
1094.5
1500.0
1267.5
1435.0
1431.0
931.0
1126.5
1353.5
1288.5
1180.5
1303.0
1223.5
1100.0
1616.0
1354.5
1405.0
1183.0
1390.0
1439.5
1404.5
1239.0
1361.0
1531.0
1530.0
1501.5
1320.0
1304.0
975.0
1407.5
1619.5
1431.0
1423.0
1342.5
1152.5
1301.0
1033.5
1696.5
1056.0
1163.5
1643.5
1283.5
1573.0
1267.0
1675.0
1565.5
1298.5
1551.0
847.5
1131.5
1243.0
1414.5
1375.0
1467.5
1320.5
1477.5
1202.0
1178.5
1377.0
1391.5
1318.0
1500.5
1404.5
1475.0
1554.5
1368.5
1404.5
1593.5
1173.0
1024.5
1507.0
952.5
961.0
1297.0
1628.5
1409.5
1198.5
1379.5
1217.5
1328.0
1743.5
1470.0
1004.5
1596.0
1360.5
1511.0
1371.0
1486.5
1588.0
1151.5
1289.0
1065.5
1470.0
1329.0
1455.5
1404.5
1442.5
1432.0
1285.0
1450.5
1311.0
1329.0
1557.5
1240.5
1497.0
1049.5
1427.0
1361.5
1487.0
1418.0
1461.0
1155.0
1265.0
1094.5
863.0
1521.0
1450.5
1266.0
1477.0
1358.5
1542.0
1398.5
1283.5
1024.5
1258.0
1427.0
1274.0
1295.5
1273.5
1416.0
1503.5
1556.5
1341.0
1464.0
1621.0
1397.5
1511.5
1495.5
1474.5
1471.5
1494.0
1747.5
1238.0
1096.0
1279.0
1557.5
1699.5
1157.5
1330.5
1380.5
1499.5
1559.0
1192.5
1767.5
1421.5
1489.5
1419.5
1450.5
1574.0
1522.5
1427.0
1493.0
965.0
1262.5
931.0
1311.5
1579.0
1538.5
1408.0
1440.5
1649.5
1408.5
1314.5
1460.5
1399.0
1417.0
1356.5
1357.0
833.5
1380.0
1455.5
1292.5
1335.5
1096.5
1329.0
1249.0
1547.0
1304.5
1303.5
1197.5
1254.5
1210.0
1251.5
1317.5
1430.5
1494.0
1323.5
1471.5
1372.5
1158.0
1387.5
1541.5
1406.5
1180.0
1539.5
1366.5
1515.0
1139.0
1278.5
1564.0
1523.5
1252.5
1577.5
1832.0
1136.5
1319.5
930.5
1304.5
1127.5
1291.0
1235.5
735.5
1408.0
1581.0
1083.5
1008.5
1328.5
1294.5
1458.5
1404.0
1412.5
1474.5
1232.0
1383.0
1380.5
1488.0
1731.5
1370.0
1320.0
975.5
1492.5
1211.5
1276.0
1217.0
1113.0
1509.0
1277.0
1537.5
1306.5
1318.0
1295.5
1473.5
1328.0
1578.0
1396.5
1328.0
1585.0
1356.0
1334.0
1360.0
1131.0
1268.5
1145.5
1420.5
1194.0
1322.0
1336.0
1462.5
1564.0
1277.5
1478.0
1220.0
1211.0
1251.0
1789.0
1426.5
1429.5
1455.5
1350.0
1149.0
1305.5
1382.5
1489.0
1695.5
1637.5
1438.5
1482.0
766.5
1792.0
1099.5
1388.5
1215.5
1402.5
1398.5
1328.5
1642.0
948.0
1275.0
1136.0
873.0
1096.5
1182.0
1258.0
1348.5
1345.5
1327.5
1602.0
1733.5
1302.5
1363.0
1231.5
1207.5
1220.0
1573.5
1323.0
1204.5
1740.5
1523.5
1331.5
1360.5
1156.5
1587.0
1521.5
1503.5
1503.0
1330.0
1055.0
1230.5
1410.5
1563.0
1410.5
1097.5
424.5
1659.0
1314.5
1180.0
1509.0
1020.0
1509.5
1374.5
1467.0
1211.0
1487.0
1164.5
1107.5
1369.0
834.5
1357.5
1655.5
1366.0
1534.0
1336.5
1407.0
1477.5
1377.5
1373.5
1426.5
1478.0
1597.0
1263.0
1227.5
1313.5
1454.0
1352.5
1331.0
1084.0
1258.5
1519.0
1532.0
1375.5
1287.0
1656.0
1034.5
1521.0
1587.5
1264.0
1467.5
1337.5
1343.0
1474.0
1220.5
956.5
1461.5
1212.5
1181.0
1322.0
1358.5
1457.0
1062.5
1304.0
1193.5
1439.5
1351.0
1450.0
1041.5
1240.0
1408.5
1132.0
1522.0
1641.5
1521.5
1520.5
1273.5
1368.5
1630.5
1064.0
1591.5
1312.5
1442.5
1095.0
1052.5
1410.5
1106.5
1323.5
1554.0
1351.5
1444.5
1381.0
1241.0
1432.0
1582.5
1154.5
1382.5
1505.0
1304.0
1459.0
1056.0
1686.5
1187.5
1432.0
1515.0
1334.0
1301.5
1395.5
1580.5
1194.5
1608.5
1254.5
1420.5
1671.5
1345.0
1610.0
1412.5
1342.5
1613.5
1185.0
1592.0
1167.0
1386.0
1384.0
1220.5
1357.0
1370.0
1657.0
1642.5
1273.0
1035.5
1280.5
1197.0
1532.5
1204.0
915.5
789.5
1184.5
1373.0
1370.5
1402.0
1280.0
1000.5
1448.5
1626.5
1500.5
930.0
1474.0
1194.5
998.0
1558.0
1121.5
1446.5
1019.0
1469.0
1583.0
1295.5
1742.0
1443.5
1165.5
1317.5
1407.0
1415.0
1369.0
1256.5
1397.0
1436.5
1274.0
1229.5
1453.5
1264.5
1573.5
1399.0
1000.5
1497.5
1497.5
1741.0
999.0
1347.0
980.5
1374.0
1456.0
1485.0
900.0
1339.0
1164.0
1278.5
1513.5
1250.0
1166.0
1197.0
1332.5
1178.0
1450.5
1389.0
1523.0
1511.0
1196.0
1408.5
1403.0
1467.0
1342.5
1449.5
1406.5
1069.5
1114.0
1504.0
1336.5
1371.0
1432.0
1376.0
1545.0
1029.5
1720.5
1485.5
1474.5
1135.5
1310.0
1469.5
1502.0
1270.0
1198.0
1468.5
1250.0
926.0
1214.5
1173.5
1349.0
1230.5
1318.0
964.0
1444.0
1571.0
933.5
1420.5
1347.0
1511.0
949.5
1532.5
1414.5
1333.0
1465.0
1614.5
1360.0
1472.0
1340.0
1274.5
1303.0
1383.5
1669.0
1132.5
1535.0
1529.0
1272.5
1246.0
1191.0
1391.5
1029.0
1277.5
1150.0
1517.5
1303.5
1575.5
1241.0
1242.5
1358.0
1533.5
1173.5
1435.0
1277.0
1448.0
1225.5
1308.0
1367.0
1312.0
1335.5
1360.5
1630.0
1486.5
1287.5
1594.0
1406.0
1350.5
1065.0
1530.5
1259.0
1153.0
1202.5
1094.0
1106.5
1365.5
1440.5
1477.0
1055.5
1226.5
1361.5
1253.5
1213.5
1582.0
1597.0
1367.0
1338.5
1460.5
1355.5
1625.0
1196.0
1678.0
1370.5
1254.0
1019.5
1415.5
1323.0
1221.5
1315.0
1231.0
1411.0
1231.0
1198.0
1334.0
840.0
1458.5
1398.5
1589.0
1289.0
1308.5
1613.0
1190.0
1329.0
1452.5
1216.0
1235.0
1253.0
1185.5
1292.0
1437.0
1110.5
1291.5
1262.0
1412.0
1472.0
1662.5
1432.5
1588.0
1469.0
1243.5
1544.5
1395.5
1334.0
1434.0
1430.0
1293.0
1377.0
1575.5
1398.0
1317.5
1384.5
1385.0
1395.5
1385.5
1020.5
1276.5
1595.0
1372.0
1360.0
1618.0
1269.5
993.5
1588.5
1324.5
1005.5
1209.0
1317.0
1241.5
1439.0
1241.0
1356.5
1004.5
1206.0
1273.5
1482.5
1322.0
1380.5
1285.0
1376.0
1198.5
1184.0
1318.0
1512.0
1616.5
1525.5
1374.0
1264.0
1242.5
1194.0
1487.5
1414.5
1604.5
1230.5
1535.5
1432.5
1489.5
1317.0
1694.5
881.0
1165.5
1425.5
1300.0
1460.5
1242.5
1237.5
1183.5
1282.0
1385.0
1443.5
1512.5
1177.5
1336.0
1406.5
1278.5
1488.0
1438.0
1378.5
1448.0
1417.0
1587.5
1315.0
1087.0
1524.5
1378.0
1235.5
1373.0
1041.5
1270.0
1321.0
1430.0
1505.0
1354.5
1248.5
1261.0
1422.5
1559.5
1412.5
1483.5
1466.5
1119.0
1180.5
1295.5
1151.5
1340.0
1611.0
1448.5
1297.5
1236.5
1568.5
1375.5
1698.5
1577.5
1042.0
1178.5
1381.0
1110.5
1488.0
1461.5
1589.5
1377.5
1274.0
1460.0
1589.5
1106.0
1472.5
1118.5
1409.5
1519.0
1361.0
1348.0
1153.0
1595.0
1653.5
1335.0
1721.5
1391.0
1454.0
1169.5
1397.0
1482.0
1347.5
1577.5
1493.0
1090.5
1329.0
1461.5
1318.5
1733.5
1294.5
1575.0
1116.5
1458.0
1538.0
1547.5
1378.0
845.0
1208.0
991.5
1450.5
1282.0
969.0
1285.0
1388.0
1406.5
1179.5
1492.5
1281.5
1553.5
1396.5
1266.5
1355.5
1355.0
1414.0
1469.0
1370.0
1374.5
1530.0
1143.5
1515.0
1042.0
1662.0
981.0
1616.0
1232.0
1030.0
1623.0
1236.5
765.5
1415.0
1162.5
1543.0
1130.0
1435.5
1192.5
1319.5
1451.5
974.5
1235.5
1350.5
1292.0
1281.5
974.0
1260.5
1200.0
1544.5
1449.0
1345.5
1526.5
1446.0
1049.0
1479.0
1327.0
1364.0
1409.0
1391.0
1198.0
1305.5
1029.5
1288.5
1729.0
1343.0
1252.5
1447.0
1017.0
1148.5
1517.0
1440.5
1288.5
1495.5
1523.0
1553.5
1141.0
1534.0
1116.5
1351.5
1506.0
1494.0
1705.5
1317.5
1037.0
1224.5
1424.0
1333.5
1428.0
1156.0
1495.5
1859.5
1368.0
1379.0
1204.0
1139.5
1042.5
1482.5
1524.0
1100.5
1314.0
1412.5
1086.0
1345.5
1527.5
1089.0
1311.0
1596.5
1313.0
1419.0
1595.5
1268.0
1251.5
1205.0
1540.0
1442.0
1413.0
1131.0
1441.0
1255.5
1174.5
1605.5
1367.5
1207.5
1208.0
1407.5
1186.5
1398.5
1467.5
1653.0
1189.0
1382.5
1106.5
1295.5
1287.5
1293.0
1361.0
892.0
1577.5
1725.0
1187.5
1325.5
646.0
1258.5
1568.5
1551.5
1224.0
1461.5
1493.5
1218.5
1452.5
1515.0
1221.0
1326.5
1357.0
1612.5
1462.5
704.5
1461.5
1109.5
1684.0
1639.5
1333.5
1314.0
1302.0
1351.0
1278.5
1247.0
1153.0
1362.5
1371.0
1383.5
1383.5
1141.0
1296.5
1322.0
1382.0
1457.5
1240.0
1217.0
1404.0
1027.5
943.5
1369.5
906.0
1686.0
1619.5
1381.0
1190.5
1405.5
1467.5
1329.5
1140.5
1230.5
1261.0
1680.0
1308.0
1231.0
1273.0
1269.5
1639.0
1419.5
1291.0
1324.5
1360.5
1474.0
1582.0
1320.0
1327.0
1419.5
1295.0
1360.5
1625.0
1194.5
1611.0
1320.0
866.0
1060.0
1309.5
1472.5
1602.5
1435.5
1235.5
1193.0
1110.0
1424.0
1494.5
1423.0
1109.0
1515.0
1379.5
1402.0
1513.5
1469.0
1510.5
1344.5
1349.0
1525.5
1584.0
1392.0
1296.5
1376.5
1509.0
1476.0
1484.0
1168.0
1429.0
1556.0
1223.0
1211.5
1292.0
1395.5
1313.0
1340.0
1144.0
1343.0
1516.5
845.0
1341.5
1123.0
1597.0
1432.0
1113.5
1027.0
1309.5
1596.5
1389.0
1287.5
1199.0
1176.5
1288.0
1455.0
1410.5
1140.0
1600.0
1227.0
1419.0
1605.0
1463.0
721.0
1082.5
1396.0
1221.0
1424.0
1391.5
1253.5
1386.5
1146.5
1274.5
1213.0
1365.0
1389.5
1217.0
1558.0
1575.5
1567.5
1444.5
1403.5
1481.5
1415.0
1155.0
1112.0
1379.0
1376.5
1466.0
1441.0
1629.5
1481.5
1562.5
1220.0
1575.0
1319.0
1313.0
1626.5
1325.5
1335.5
1447.0
1521.5
1412.0
1437.0
1425.5
1377.5
1483.0
1345.5
1420.5
1428.0
1432.5
1341.0
1356.5
1310.5
1215.5
1217.0
1387.5
1309.0
1602.5
1252.0
1254.5
1430.0
1506.5
1489.0
1370.0
1102.5
1255.5
1282.5
1509.0
1360.5
1531.5
1457.5
1329.0
1002.0
1375.0
1450.0
1242.5
1530.0
1398.5
1401.0
1165.5
1179.5
1294.0
1527.0
1365.5
1429.5
1210.0
1523.5
1641.5
1296.5
1515.0
1327.5
1144.0
1436.0
1382.0
1720.5
1328.5
1154.5
1504.0
1216.0
1462.5
1291.5
1066.0
1149.5
1352.0
1147.0
839.0
1136.5
1445.0
1195.5
1343.0
1443.5
1386.0
1764.5
1158.0
793.0
1466.0
952.5
1531.0
1280.5
1618.0
1303.5
1441.5
1111.0
1293.5
1183.5
1641.5
1522.0
1131.0
1672.5
1111.0
1279.5
1380.5
1532.0
1502.5
1399.0
1464.0
1266.0
1232.0
1470.0
1203.0
1073.0
1584.0
1192.0
1421.0
1454.5
1455.5
1387.0
1231.0
1452.5
1352.0
1563.0
1338.0
1285.0
1402.5
1369.0
1377.5
1301.0
1334.5
1274.0
1266.0
1274.0
1579.5
1619.0
1367.0
1306.5
1388.0
1733.5
1386.0
1432.5
1676.5
1336.5
1662.0
1610.0
1050.5
1204.0
1544.0
1213.5
1219.0
1492.5
1262.0
1470.0
1411.5
1229.5
1545.5
1369.5
1262.5
1466.5
1475.5
890.0
1703.0
1261.0
905.5
1617.0
1571.0
905.5
1377.0
1643.5
1210.0
1665.0
1242.0
1063.5
1414.0
1539.0
1686.0
1124.0
1387.0
1332.0
1454.5
1409.5
867.5
1551.5
1607.0
1404.5
1459.0
1423.5
1439.5
1454.5
1310.0
907.0
1465.5
961.5
794.5
1371.0
1262.5
1237.0
1507.0
1211.0
1366.0
1517.5
1436.0
1423.0
1249.5
1494.0
1483.5
1362.0
1379.0
1032.5
1212.5
1436.5
1556.0
1293.5
1440.5
1195.0
1046.0
1381.5
1398.0
1337.5
1432.0
1584.5
1269.5
1577.5
1083.5
1366.5
1339.0
948.5
1076.0
1132.0
1332.0
1248.0
1499.0
1327.0
1589.5
1187.0
1239.0
1181.5
1547.5
1418.5
1637.5
1279.5
1233.5
1582.0
1325.5
1323.5
1538.0
1389.0
1475.5
1071.5
1339.5
903.0
1441.5
1026.0
1163.5
1241.0
1273.5
1242.5
1613.5
1272.5
1616.0
1595.5
1210.0
1364.5
1021.0
1385.5
1254.5
1349.0
828.0
1469.0
1612.5
1273.5
1357.5
1766.5
1086.0
1630.0
1411.0
1124.5
1161.5
1326.0
1629.5
935.0
887.5
917.5
1533.5
1336.0
1511.0
1480.5
1291.0
1372.0
1358.0
1601.5
1206.5
1213.0
1553.5
972.5
1322.5
1439.5
1495.0
1301.5
1298.5
1474.0
1340.5
1302.5
1484.0
1398.0
1395.0
1439.5
1371.0
1478.5
1600.0
1577.0
1326.0
890.5
1376.5
1470.0
1103.5
1603.5
1424.5
1348.0
1082.0
1752.5
1197.0
1203.0
1402.0
1670.5
1122.5
1562.0
1601.5
1388.5
1367.5
1303.0
1574.5
1462.5
1508.0
1477.5
1331.0
1548.5
1340.5
925.5
1457.0
1472.5
983.5
1264.5
1273.0
1285.5
1727.5
1420.0
1474.0
1275.0
1252.0
1187.0
1569.5
1476.5
1562.0
1379.5
1381.5
1184.5
1113.5
1412.5
1595.0
1196.5
1382.0
1346.5
1627.5
1169.0
1499.0
1624.0
1458.5
1652.5
1252.5
1588.5
1444.5
1535.5
1615.5
1500.5
1118.0
1610.5
1529.5
1264.0
1289.0
1413.5
1460.5
1210.5
1411.5
1324.5
1399.5
1395.0
1442.0
1501.5
1219.0
1278.5
1233.5
1543.5
1162.0
1563.0
1450.5
1712.5
1167.0
1396.0
1661.5
1314.5
1376.0
1388.5
1445.0
1246.0
1327.5
868.5
1168.5
1374.5
1161.0
1538.0
1081.0
1515.5
1640.5
1231.5
1373.0
1397.5
1363.5
1291.0
1510.0
1130.5
1284.0
1341.0
1039.5
1173.5
1350.5
1532.5
1065.0
1395.0
1533.0
1301.5
1265.5
1314.0
1427.0
1496.0
872.0
1416.0
1582.0
1208.5
1337.0
1411.5
1532.0
1322.0
1232.5
1409.0
1350.0
1245.0
1668.0
1413.5
1443.0
1516.0
1596.0
1627.0
1596.5
1358.0
1300.5
1400.5
1325.0
1265.0
1424.5
1361.0
1256.5
1222.5
1634.5
1237.0
1186.0
1610.5
1542.0
1312.0
1398.0
1161.5
1323.5
1261.5
1341.0
1407.0
1080.5
1520.0
1479.0
1343.5
1496.5
1388.5
1436.0
1382.0
1537.5
1512.5
1275.5
1328.0
1328.5
1038.0
1614.0
1306.0
1627.5
966.0
1444.0
1303.5
1480.5
1355.0
1359.5
1430.5
1232.5
1078.5
1213.5
1513.0
1262.0
1273.5
1313.5
1504.0
1305.5
1518.0
1609.5
850.5
1355.5
1502.5
1104.5
1530.0
1494.5
1409.5
1648.0
1366.5
1485.0
1611.5
1075.5
1655.0
1327.5
1456.0
1320.5
1008.0
1413.5
1419.5
1530.0
1458.0
1465.0
1633.5
1607.5
1470.5
930.0
1470.0
1216.5
970.5
1246.0
1324.5
1452.5
1315.5
1337.5
1456.0
1435.0
1440.0
1366.5
1077.0
1246.0
1478.5
926.5
1230.0
1567.0
1466.5
1316.0
1071.0
1495.5
1453.0
1584.5
1342.0
1351.5
1284.5
1089.5
1344.5
1032.5
1339.0
1620.0
1080.0
1591.5
1230.0
1325.5
889.5
1332.0
1144.5
1392.0
1166.5
1487.5
1473.0
1503.0
1589.0
1479.0
1572.0
1487.5
1352.5
1400.0
1488.5
1392.5
1369.0
1458.5
1278.0
1428.0
1286.0
1310.0
1443.0
1489.5
1475.5
1224.5
793.0
1091.5
1297.5
1461.0
1156.5
1344.0
1230.0
1062.5
1446.0
1419.5
1336.0
1393.5
1589.0
1548.0
1275.5
1322.5
1247.0
1438.0
1466.0
710.5
1087.0
1418.0
1293.0
1526.5
1520.0
1403.5
1522.0
1570.0
1113.5
1354.0
1357.0
1200.5
1425.0
1507.0
1326.0
1545.5
1010.5
1641.5
1343.0
1604.0
1020.5
1310.0
1423.0
1375.0
1570.5
1093.5
1334.0
1580.5
1045.0
1703.0
1389.0
1449.0
922.0
1619.5
1111.5
1361.5
1237.0
1273.0
1361.5
1676.5
1246.5
1094.0
1366.5
1345.5
1155.0
1289.5
1550.0
1100.0
1394.5
1371.0
1198.5
1344.5
1532.5
1490.0
1371.0
1532.5
1359.0
1400.0
1410.5
1421.0
1377.0
1509.0
1422.0
1266.5
1539.0
1568.5
1561.0
1534.5
1238.0
1517.5
1358.5
1513.0
1499.5
1327.5
1479.5
1312.0
1446.0
1572.5
1260.0
1416.5
1449.5
1354.5
925.5
1440.5
1436.0
1352.5
1401.5
1490.0
1449.5
1473.5
1456.0
1351.5
1524.5
1625.5
1480.5
1552.0
1238.0
1428.0
1390.0
1599.5
1307.0
1576.5
1291.0
1431.0
1534.0
1347.5
1359.5
1344.5
1579.5
1743.0
941.0
1563.5
1282.5
1367.5
1623.5
1222.0
1563.0
1315.5
1519.5
1435.0
1314.5
1234.5
1569.0
1512.5
1087.0
1400.0
1381.5
1121.5
984.0
1337.5
1474.0
1465.5
973.5
1574.5
1167.5
1142.0
1384.0
1009.0
1497.5
1484.0
1322.0
1567.0
1494.5
1540.5
1228.5
1590.5
941.0
1285.5
1410.5
1242.0
1341.5
1180.5
1396.5
1507.5
1428.5
1278.5
1386.5
1291.5
1522.5
1374.5
1537.0
1196.0
1140.5
1213.5
1394.5
1426.5
1432.0
1237.5
1229.5
1478.5
1256.0
1289.5
1239.5
1540.0
1211.5
1274.0
1162.5
1593.0
1076.5
1377.5
1240.0
1148.5
1188.5
1502.0
1538.5
1325.5
1502.0
1479.0
1662.5
1297.5
1223.5
1569.0
1451.0
1456.0
1685.5
1465.0
1568.0
1514.0
1370.0
1482.0
1406.0
1509.5
1116.5
1448.5
1313.5
1352.5
1606.5
1126.5
1671.0
1553.0
1427.0
1272.5
1207.0
1442.5
952.0
1598.5
1159.0
1314.5
1399.0
1385.5
1120.0
1566.5
1576.0
1480.0
1428.0
1368.0
1505.5
1459.0
1615.0
1529.0
1650.5
1270.0
1380.0
1182.5
1195.5
1444.0
1131.5
1428.5
1266.5
1830.5
1206.0
1322.5
1441.0
1418.5
1206.5
1417.5
1546.0
1118.0
1142.5
1565.5
1440.0
1247.0
1495.0
1390.0
1385.0
1377.5
1192.5
1111.0
1063.0
1139.0
1467.5
959.5
1213.0
1178.5
1461.0
1379.5
1726.5
1186.0
1120.5
1594.5
1504.0
1184.0
1548.0
1562.0
1433.5
1264.5
1150.5
1245.0
1205.5
1586.0
1152.5
1397.0
1376.5
1499.5
1054.0
1395.5
1260.5
1428.5
1475.5
1654.0
1348.5
1342.5
1213.0
1523.5
1483.5
1334.0
1716.0
868.5
1059.5
1540.0
1565.0
883.0
1779.0
1340.0
1322.5
1399.0
1122.5
1131.0
1675.5
1465.0
1409.5
1726.0
1097.5
1336.0
1494.0
1053.5
997.0
1262.0
1262.5
1467.5
1306.5
1582.5
1604.5
1215.0
1502.5
1659.0
1561.5
1228.5
1369.5
1215.5
1269.5
1149.5
1073.0
1304.0
1379.5
1196.5
1285.0
1421.5
1341.0
1302.5
1434.5
1427.5
1653.5
1073.0
1403.0
1425.5
1710.5
1443.5
1364.5
1332.0
1325.0
1222.0
1048.5
1366.0
1339.5
1498.0
1331.5
1404.0
1238.5
1168.5
1576.5
1195.0
1532.5
1268.0
1436.5
1270.5
1466.0
1325.0
1492.0
1206.5
1089.0
1454.5
1541.5
1340.0
1478.5
1281.0
1200.0
1416.5
1107.0
1434.5
1183.0
1679.0
1294.0
1676.5
1225.0
1509.0
1448.0
1160.5
1476.0
1229.5
1472.0
1059.5
1465.0
1092.0
1562.5
1390.5
1590.0
1213.0
1399.5
1398.0
1691.5
1287.0
1480.0
1431.5
1433.5
1316.5
1508.5
1337.0
1510.0
1445.0
1200.5
1287.0
1146.0
1470.5
1355.0
1313.0
1158.5
1497.0
1453.5
1138.0
1453.0
1142.5
1343.5
1079.0
1321.5
985.0
1369.5
1337.0
1100.0
1417.0
1471.0
1693.0
1306.0
1519.5
1304.0
1151.0
1584.0
1478.5
1299.0
1354.0
1417.0
1395.5
1310.0
1474.5
1535.5
1319.0
1066.0
1204.0
1327.0
1151.5
1146.5
1422.0
1203.0
1160.5
1190.0
1430.5
1473.0
1482.5
1127.0
1584.0
1085.5
1543.5
1542.5
1293.0
1352.5
1196.5
1542.5
1186.0
1400.0
1196.0
1426.0
1586.0
1487.0
1277.5
1507.5
1605.0
1339.0
1189.0
1496.5
1216.0
1724.5
1280.0
1251.5
1301.5
1580.0
1205.0
1524.0
1369.0
1060.0
1349.0
1101.5
1397.0
1330.5
934.5
1417.5
1491.5
1553.5
1160.5
1137.0
1543.0
1064.0
1438.5
1591.0
1163.0
1098.5
1111.0
705.5
1111.5
1209.5
1079.5
1317.5
1843.0
1395.5
1164.0
1526.5
1410.5
1501.5
1260.5
1290.0
1411.0
1485.0
1560.0
1137.5
1509.0
1427.0
1358.5
1499.0
1171.5
1393.5
1168.5
1464.0
1024.0
1447.5
1348.5
1407.5
1660.5
1319.5
1684.5
1454.5
1206.5
1354.0
1380.0
1448.0
1456.5
918.5
1684.5
1365.0
1547.5
1101.0
1254.0
849.0
1359.0
1199.5
1542.0
1271.5
1733.5
1167.0
1284.0
1167.5
1239.5
1526.5
1501.5
1213.0
1433.0
1252.5
996.0
1481.5
1165.5
1454.0
1608.0
1227.0
1196.5
1505.0
1289.5
1362.5
1606.0
1370.5
1214.0
1196.5
1376.5
1384.0
1026.5
1442.5
1318.0
1466.5
1248.0
1326.5
1259.0
1488.5
1503.5
1049.0
1237.0
1281.5
1267.5
1114.0
1723.0
1149.5
1421.0
1262.5
1441.5
1456.0
1469.5
1303.5
1657.0
1700.5
1696.5
1443.5
1182.0
1648.0
1220.5
1596.5
1281.5
1247.5
1622.0
1545.0
1401.5
1331.0
1519.5
1499.0
1561.5
1561.0
1161.0
1483.0
1231.0
1339.0
1106.0
1373.5
1572.5
1589.0
1218.5
1414.0
1515.0
1156.0
1337.0
1217.0
1257.5
1309.5
1164.5
1269.0
1712.0
1205.5
1686.0
1624.0
1456.5
1152.0
1529.5
1472.5
1477.5
1419.5
1428.0
1408.5
1479.0
1450.5
1254.5
1544.5
1560.0
1171.0
1419.5
1395.5
1354.5
1431.5
1340.5
1426.0
1207.0
1331.0
1431.0
1470.0
1364.0
1757.5
1123.5
1242.5
1402.0
1539.5
1332.0
1314.0
1322.0
1493.5
1488.0
1425.0
1388.5
1587.0
1249.0
1644.0
990.0
1729.0
1133.5
1279.0
1146.5
1269.5
1658.0
1195.5
1519.5
1420.0
1469.0
1205.0
1571.5
1244.0
1093.0
1383.0
1395.5
1431.0
1404.0
1537.0
1342.5
1356.5
1463.5
672.5
1186.0
1549.0
1381.0
1454.0
1165.0
1328.0
1149.0
1501.0
1379.0
1440.5
1430.0
1456.5
1299.5
1405.5
957.5
1245.5
1376.5
1292.0
1260.5
1137.5
1408.5
1222.5
1822.0
1301.0
1497.5
957.0
1647.0
1455.0
1361.5
1578.0
1319.0
1490.0
1164.5
1357.5
1176.5
1570.5
1338.5
1219.0
1588.5
1089.0
1238.0
1582.0
1604.0
1381.0
1121.0
1507.0
1328.5
1504.5
1364.5
1170.5
1487.0
1677.0
1347.5
1422.5
1340.0
1332.5
1174.5
1064.0
1417.5
1135.0
1414.5
1537.0
1282.0
1071.5
1303.0
1545.0
1337.5
1572.5
1339.0
1491.0
1391.5
1312.5
1282.5
1624.5
1253.5
1362.5
1443.5
1521.0
1605.5
836.0
1369.5
1355.0
1344.5
1089.0
1373.0
1252.0
1463.5
1044.5
1290.5
1517.5
1023.5
1403.5
1473.5
1392.0
1372.0
1515.5
1475.5
1584.5
1360.0
1572.0
1539.0
1231.5
1231.0
1171.0
1392.5
1303.0
1473.5
1204.0
1678.5
1498.0
1575.5
1347.5
1269.0
1609.5
1359.5
1238.5
1372.5
1346.5
1438.5
1486.0
1286.0
1540.0
1304.5
1701.5
1352.5
1498.5
1517.5
1361.5
980.5
1320.5
723.0
1370.0
1321.5
1508.5
1095.5
1336.0
1389.5
1250.0
1459.5
1237.5
1503.0
1260.0
1398.0
1389.5
1011.0
1618.0
1332.0
1527.5
1326.0
1154.5
1235.5
1275.5
1048.5
1533.0
1155.0
1563.5
1215.5
1646.5
1177.0
1473.5
1418.5
1418.5
1134.0
1525.0
1373.5
1439.0
1454.0
1360.5
1329.5
1492.0
1645.5
1441.5
1411.5
1442.5
1342.0
1479.5
1149.5
972.0
1101.5
1397.0
1330.0
1340.5
1294.5
1478.0
1221.0
1405.0
1673.0
1379.5
1329.5
1055.0
1534.0
1392.5
1232.0
1504.0
1350.5
1341.5
1435.5
1497.5
1334.5
1410.5
1415.5
1560.0
1514.5
1071.5
1641.0
1311.0
985.0
1283.0
1464.5
1436.0
1491.0
1311.5
1433.5
1105.5
1554.5
1462.0
1469.0
1203.0
1489.5
1528.5
1054.5
1345.5
1258.5
1142.5
1400.5
1148.0
1509.5
1377.0
1409.0
1468.5
1560.5
1194.0
1306.5
1358.5
1280.0
1263.5
1228.5
1388.0
1594.5
1308.5
1211.5
1313.0
1256.0
1502.5
743.5
1622.0
1457.5
1472.0
1322.5
1209.5
1489.0
1407.0
1547.0
1469.0
1512.5
1326.5
1449.5
1389.0
1503.0
1431.0
1266.0
1475.0
1479.5
1172.0
1348.0
1441.0
1248.5
1348.5
1426.0
1258.0
1492.5
1262.0
1606.5
1407.0
1296.5
1051.5
1572.5
1363.0
1110.5
1348.0
1201.0
1038.5
1534.0
1389.0
1101.0
1492.5
1276.5
1244.5
1218.0
1180.0
1144.5
1408.5
1595.5
1189.5
1146.0
1356.0
1222.0
1501.5
1478.5
1533.0
1249.0
1326.5
1582.5
1158.0
1444.0
1499.0
1384.5
1266.5
1316.5
1469.5
1276.0
1339.5
1285.0
1566.5
1585.5
1171.5
1610.0
1383.0
1241.0
1235.0
795.5
1372.0
1304.0
1351.5
1219.0
1300.5
1143.5
1543.5
1494.0
1185.5
1427.0
981.5
1295.0
1318.5
1101.0
1199.0
1424.5
986.0
1274.0
1478.0
1287.5
1164.5
1610.5
1240.5
1616.5
1346.5
1074.0
1504.5
1719.5
1451.0
1338.5
1109.5
1257.0
1461.5
1362.0
1791.5
1496.0
1603.5
1490.0
1621.5
1308.5
1686.0
1323.0
1354.5
1462.5
1284.0
1515.5
1235.0
1591.0
1172.0
1238.5
1331.5
1586.0
1489.5
1059.0
1529.5
1235.5
1319.0
1525.5
1148.0
1625.5
1382.0
1254.5
1342.5
1550.5
1525.0
1364.0
834.0
1311.5
1453.0
1461.5
1378.5
1300.5
1113.0
1427.5
1493.5
1302.5
1354.0
1580.5
1175.0
1556.0
1594.5
1546.0
1401.0
1444.5
1295.0
1432.5
1543.5
1428.5
1312.0
1437.5
1102.0
1527.0
1486.5
1486.0
1161.0
1551.5
1428.0
1520.0
1371.5
1362.5
1498.0
1544.5
1237.5
1671.5
1336.5
1325.5
1567.5
1584.5
1436.0
1494.5
1230.0
1404.0
1355.5
1270.0
1488.5
1402.5
1165.0
1407.0
1220.0
1538.5
1252.5
1792.5
882.0
1449.0
1424.5
1523.0
1250.0
1549.0
1099.5
1672.0
1435.5
1323.5
1252.0
1595.5
1341.0
1122.0
1448.0
1495.5
1148.0
1512.0
1441.5
1474.5
1232.0
1285.0
1243.0
1215.5
1235.0
1280.0
1682.0
1354.0
1341.5
1441.0
1460.0
1149.0
1775.5
1114.5
1299.5
1180.0
1379.0
1282.5
1369.0
1156.0
1505.5
1343.5
1462.5
1129.5
1371.5
1146.5
1655.0
1473.0
1217.5
1412.0
1128.5
1342.5
1512.0
1141.5
1618.5
1250.0
1481.5
1409.0
1653.5
1526.0
1526.0
1520.0
1466.5
1291.5
1302.0
1321.5
1383.5
1471.5
1238.5
1295.0
1462.0
1393.0
1382.0
1374.5
1366.5
1626.0
1594.5
1345.5
1337.5
1084.5
1382.5
1086.0
1520.5
1324.0
1429.5
1609.0
1393.0
1174.0
1410.5
1254.5
1394.5
1306.5
1267.5
1370.0
1169.5
1546.5
1546.5
1426.5
1339.5
1657.0
1490.5
1577.5
1364.0
1568.5
1388.0
1352.0
1554.5
1545.5
1077.5
1238.5
1480.5
1245.5
1225.0
1169.5
1362.5
1179.0
1637.5
1523.5
1464.5
1271.5
1338.5
1402.0
1280.5
1319.0
1790.0
1460.0
1426.0
1303.0
1401.0
1351.0
1105.5
1408.0
1324.0
1326.5
1279.0
1173.0
1082.5
1480.0
1141.5
1275.0
1348.5
1208.5
1349.0
1269.5
1174.0
1479.0
1569.5
1455.0
1370.5
1551.5
1279.0
1300.5
1439.0
1459.0
1517.0
1465.0
1610.0
1223.5
1623.5
1550.5
1216.0
1438.0
1035.0
1102.0
1451.0
1237.0
1411.0
1257.5
1471.5
1498.5
1454.5
1438.0
1315.0
1536.5
1491.5
965.5
1127.0
1223.0
949.5
1658.0
1200.5
1560.5
1020.5
1559.0
1386.5
1306.5
1464.0
1198.0
1432.0
1415.5
1415.0
1572.0
1372.0
1093.5
1474.5
1549.0
1344.5
1197.0
1267.0
1113.0
1237.0
1426.0
1204.5
1169.5
1476.5
1494.5
1295.0
1562.0
1490.5
1145.5
1236.5
1330.0
1278.5
1531.0
1362.0
1129.0
1129.0
1615.5
1542.0
1390.0
1380.0
1089.0
1363.0
913.5
1283.5
1350.5
1468.0
1408.5
1200.5
1473.5
1160.5
1176.0
1456.0
1321.0
1247.5
1428.5
1420.5
1621.0
1367.0
1584.0
1545.0
1389.0
1282.5
1626.5
1463.5
1440.0
1352.0
1512.0
1510.5
1570.0
1361.5
1480.0
1179.0
1343.0
1486.0
1322.5
1520.5
1443.5
1707.5
1376.5
1421.5
1250.0
1440.0
1154.5
1477.5
1518.0
1490.0
1407.0
1598.5
1168.0
1337.5
1298.0
1431.0
1307.0
1459.5
1308.0
1101.5
1483.0
1182.0
1679.5
990.5
1569.5
1561.0
1240.5
1493.5
1292.5
1727.5
1212.0
962.5
1174.0
1392.0
1406.5
1159.0
1526.0
1306.0
1658.5
1038.5
1118.5
1555.0
1494.0
1576.0
1563.0
1043.5
1552.5
1276.5
1455.0
1023.0
1344.0
892.0
1451.0
1208.0
1375.5
1637.0
1219.0
1268.5
1417.0
1521.0
1231.0
1543.0
1373.0
1333.0
943.5
1286.5
1136.0
1440.5
1431.0
1349.0
1621.0
1130.5
1543.0
1043.5
1423.5
1264.0
1470.0
1280.5
1459.5
1394.0
1460.5
1511.0
1070.5
1528.5
1364.0
1150.5
1316.0
1215.0
1452.0
1200.0
1378.5
1381.0
1508.5
1377.0
1520.0
1391.0
1373.0
1344.5
1540.0
1274.0
1541.5
1215.0
1361.5
1305.0
1281.5
1405.0
1231.0
1392.0
1370.0
1565.0
1013.5
1302.0
1345.0
1302.0
1396.5
1325.0
1677.5
1267.5
1222.0
1635.0
1324.0
1321.0
1352.5
943.5
775.0
786.0
1550.5
1182.5
1441.5
1566.0
1430.0
1480.0
1183.5
1333.0
1262.5
1153.5
1322.0
1283.0
1175.0
1602.0
1088.0
1287.5
1500.5
1412.5
1637.5
1556.5
1183.0
1537.5
1431.5
1505.0
1577.0
1307.5
1207.5
1345.5
1253.5
1424.0
1214.0
908.5
1221.5
1410.5
1279.5
1370.5
1107.5
1512.0
1324.0
1202.0
1201.0
1261.0
1160.0
1621.0
1713.5
1293.0
1164.5
1284.5
1409.0
1658.5
1368.5
1511.0
1282.5
870.0
1187.5
1320.0
1529.5
856.0
1372.0
1269.0
1361.5
1368.5
1086.0
1473.0
1595.0
1347.5
1284.0
1557.0
1266.5
1117.5
1252.5
1549.0
1522.5
1418.5
939.5
1213.0
1609.0
1522.5
1435.0
1411.0
1335.5
1279.0
1581.0
1181.0
1211.5
1460.0
1449.0
1176.0
1297.5
1630.0
1414.0
1594.5
1521.5
1650.0
1341.0
1258.5
1511.0
1481.0
1220.5
1130.0
1394.5
1378.0
1238.5
1420.0
1210.5
1361.0
1525.0
1367.0
1101.0
1375.5
1425.0
1406.0
1391.0
1311.5
1249.0
1531.0
1050.0
1515.5
1117.0
1408.5
1425.0
1626.0
1385.0
1743.5
1478.5
1285.0
1363.0
1201.5
1433.5
1298.5
1223.0
928.0
1501.0
1409.0
1359.5
1431.0
1462.0
1511.0
1475.5
1169.0
1593.5
1328.0
1495.5
1475.0
985.0
1463.0
1483.5
1438.0
1220.5
1164.5
1357.0
1443.0
1506.0
1270.0
1290.0
1222.5
1429.0
1287.0
1724.5
1643.0
1318.0
1607.5
1131.0
1191.0
1162.0
1390.5
1644.5
1439.5
1565.0
1218.5
1610.5
693.0
1452.5
1438.0
1599.5
1416.0
1334.0
958.5
1395.0
1253.0
1284.5
1450.5
1361.0
1471.0
1462.5
1566.5
1135.0
1264.0
1661.0
1488.0
1015.5
1457.5
1514.0
1466.0
1479.5
1247.5
1554.0
1667.0
1430.0
1525.0
1444.5
1687.0
1230.0
1668.5
1179.0
1447.5
1376.5
1511.5
1463.5
1538.0
1483.0
1388.5
1635.5
1256.0
1286.0
1499.5
1641.0
1327.0
1178.0
935.5
1228.5
1465.0
1481.0
1418.0
1070.5
1539.0
1513.0
1582.0
1251.0
1425.5
1445.0
1367.0
1312.5
1387.0
1172.5
1343.0
1497.0
1517.5
1173.5
1191.5
1545.5
1200.5
1366.0
1329.5
1642.0
1221.5
1193.5
1519.0
1323.5
1137.0
1660.0
1366.5
1245.0
1247.0
1402.5
1219.5
1333.0
1191.0
1355.0
1318.0
1315.5
1517.5
1403.5
1485.5
1351.5
1603.0
1537.5
1365.5
1462.5
1528.0
1256.0
1148.5
1287.0
1401.5
1364.5
1431.0
1416.5
1466.0
1440.5
1557.5
1583.5
1305.5
1204.0
1041.0
1732.0
1175.5
1498.5
1591.0
1388.5
1600.0
1330.5
1120.0
1172.0
899.0
1103.5
1357.0
1563.0
1413.5
1124.0
1346.5
1347.5
1090.0
1268.5
1225.0
1099.5
1286.5
1036.5
1395.5
1334.5
1439.0
1297.5
1006.0
1463.5
1286.0
1547.0
1289.0
1192.5
1559.0
1595.5
1152.5
1314.0
1638.0
1524.5
1771.5
1205.0
1498.5
1584.0
1510.5
1348.5
1134.5
1436.0
1216.5
1316.5
1296.5
1588.5
