-47.0
-40.5
-52.0
-41.0
-59.0
-66.0
-53.5
-47.0
-49.5
-40.5
-43.0
-39.5
-47.0
-56.5
-53.0
-50.0
-48.5
-50.0
-30.0
-57.5
-52.5
-51.0
-53.5
-51.0
-48.0
-55.0
-54.0
-45.5
-49.5
-33.5
-49.0
-41.0
-41.0
-54.5
-35.5
-45.5
-42.0
-46.5
-52.0
-30.0
-43.5
-52.5
-43.5
-61.5
-39.5
-57.5
-66.5
-50.5
-42.0
-53.5
-50.0
-54.0
-53.5
-52.0
-54.0
-56.0
-65.5
-55.0
-51.0
-70.5
-58.5
-43.5
-49.0
-58.0
-46.0
-45.5
-54.0
-47.0
-41.5
-59.0
-59.0
-55.5
-53.5
-50.0
-63.5
-59.0
-55.0
-59.0
-47.0
-44.5
-57.5
-52.0
-42.0
-43.5
-53.5
-65.5
-47.0
-41.5
-41.5
-53.0
-73.5
-38.0
-64.5
-40.5
-48.0
-61.5
-49.5
-53.5
-41.0
-58.5
-51.0
-54.5
-54.0
-34.5
-47.0
-45.0
-32.5
-33.0
-49.5
-65.5
-46.5
-48.0
-47.0
-53.0
-39.5
-47.0
-52.5
-42.5
-36.5
-58.0
-49.5
-59.0
-54.0
-65.5
-176.0
-172.5
-154.5
-188.0
-204.0
-200.5
-188.0
-196.5
-185.5
-194.5
-189.0
-157.0
-163.5
-203.0
-182.0
-187.0
-150.5
-179.5
-177.5
-177.0
-195.0
-182.0
-187.0
-201.0
-178.0
-198.5
-185.5
-178.0
-190.0
-211.0
-172.5
-203.5
-203.0
-179.5
-176.5
-178.0
-190.5
-182.5
-221.5
-189.0
-181.0
-150.5
-197.0
-192.0
-207.0
-183.0
-181.5
-211.5
-180.0
-183.5
-191.5
-197.5
-180.5
-217.0
-178.5
-190.5
-207.0
-170.0
-178.0
-172.5
-209.5
-181.0
-189.5
-212.5
-211.5
-198.5
-174.0
-219.0
-184.0
-181.5
-185.5
-174.5
-171.5
-162.5
-162.5
-179.0
-186.5
-180.5
-188.5
-184.0
-178.5
-180.0
-166.5
-204.5
-184.5
-183.0
-200.0
-168.5
-198.5
-212.0
-194.5
-199.0
-188.0
-198.5
-215.0
-162.5
-200.0
-215.0
-198.0
-181.5
-176.5
-172.5
-171.5
-156.5
-176.5
-191.5
-208.5
-188.0
-201.0
-170.0
-167.5
-173.5
-189.5
-180.0
-194.0
-174.5
-183.5
-165.0
-160.0
-184.0
-194.0
-189.5
-199.5
-191.5
-185.5
-193.5
-188.0
-198.5
-174.0
-193.5
-196.0
-210.0
-182.0
-171.5
-191.5
-190.5
-182.5
-169.0
-176.5
-193.0
-188.5
-172.0
-211.0
-179.5
-182.5
-174.0
-178.5
-171.0
-206.5
-188.0
-193.0
-192.5
-188.0
-181.0
-183.0
-190.5
-172.5
-177.0
-196.5
-187.0
-161.5
-200.0
-180.5
-197.5
-207.5
-170.5
-185.0
-135.5
-190.5
-170.5
-194.5
-193.5
-182.0
-181.0
-201.0
-186.5
-191.0
-190.5
-195.0
-174.5
-195.5
-184.5
-184.5
-190.0
-184.0
-169.5
-164.0
-193.5
-187.5
-161.5
-161.0
-207.0
-198.5
-195.5
-211.5
-205.5
-172.0
-185.5
-179.5
-181.0
-173.0
-166.0
-185.5
-193.0
-191.0
-171.5
-180.0
-171.5
-189.0
-191.5
-180.5
-197.5
-185.0
-181.5
-190.5
-184.0
-182.5
-178.0
-197.5
-201.0
-178.0
-175.0
-215.5
-171.0
-206.0
-173.0
-185.5
-164.5
-188.5
-173.5
-203.0
-210.0
-198.5
-177.5
-191.5
-185.0
-197.0
-182.0
-177.5
-200.0
-190.5
-183.0
-178.0
-171.0
-179.5
-202.5
-206.0
-169.0
-187.5
-169.5
-161.5
-193.5
-212.5
-188.0
-166.0
-196.5
-194.5
-168.5
-176.0
-172.0
-147.5
-214.5
-185.5
-180.0
-165.0
-172.0
-197.0
-159.0
-182.0
-180.5
-183.0
-181.0
-187.5
-170.5
-209.5
-179.0
-178.5
-171.5
-194.5
-186.5
-193.0
-159.0
-173.5
-198.0
-198.0
-200.5
-177.0
-190.5
-188.5
-201.0
-158.5
-201.0
-180.0
-209.5
-171.5
-181.0
-191.0
-197.5
-168.5
-174.0
-189.0
-193.5
-188.5
-177.0
-204.0
-160.0
-205.0
-191.5
-175.0
-175.0
-182.0
-155.5
-188.5
-208.0
-143.5
-172.5
-167.0
-172.5
-186.0
-176.5
-185.0
-212.0
-157.0
-209.0
-209.0
-163.0
-181.5
-167.5
-157.5
-165.0
-183.0
-194.0
-192.5
-165.5
-155.0
-168.0
-183.0
-196.0
-195.0
-185.0
-210.5
-185.5
-203.5
-179.5
-179.5
-167.5
-164.5
-192.5
-165.0
-192.5
-168.0
-194.0
-173.5
-196.0
-190.0
-171.0
-199.5
-168.5
-196.0
-170.0
-187.0
-192.0
-190.0
-185.0
-204.5
-181.0
-177.0
-201.5
-183.0
-188.0
-179.0
-169.5
-194.5
-190.0
-189.0
-184.5
-173.5
-173.0
-193.0
-181.5
-186.5
-192.0
-181.5
-193.5
-214.0
-177.5
-194.5
-186.5
-201.0
-174.5
-182.5
-179.0
-205.5
-185.5
-180.0
-193.5
-182.5
-181.0
-175.5
-199.5
-192.5
-183.0
-157.0
-171.5
-196.0
-183.5
-179.5
-168.5
-168.5
-185.5
-180.5
-189.0
-174.0
-189.5
-173.0
-175.0
-194.5
-202.5
-188.0
-162.5
-189.5
-193.5
-202.0
-162.0
-179.5
-176.0
-214.0
-170.0
-166.5
-165.5
-194.5
-164.0
-170.5
-192.0
-181.5
-176.0
-163.5
-203.0
-171.5
-212.5
-177.0
-183.5
-178.0
-180.5
-178.5
-188.5
-191.5
-173.5
-179.0
-174.0
-173.0
-179.0
-169.5
-174.0
-207.5
-165.5
-177.0
-197.0
-196.0
-201.5
-202.5
-187.0
-173.5
-206.0
-178.5
-198.0
-177.5
-185.5
-201.0
-171.5
-171.5
-192.0
-175.5
-168.0
-172.0
-175.5
-179.0
-169.0
-137.0
-190.5
-196.5
-176.0
-199.0
-182.0
-174.0
-194.0
-176.5
-178.5
-186.5
-190.5
-204.0
-150.0
-186.5
-157.0
-175.5
-183.0
-189.0
-181.0
-205.5
-182.0
-187.0
-186.0
-176.0
-191.0
-191.0
-171.5
-173.0
-190.5
-205.0
-163.0
-188.5
-164.0
-179.0
-188.5
-171.0
-191.0
-170.0
-193.0
-176.0
-192.0
-207.0
-201.5
-175.0
-184.5
-174.0
-184.0
-193.5
-166.0
-186.0
-192.5
-209.0
-149.5
-171.0
-170.5
-178.5
-205.0
-155.5
-176.5
-178.0
-180.5
-181.5
-174.0
-178.0
-181.0
-172.5
-200.5
-203.5
-187.0
-165.5
-182.0
-225.0
-175.5
-188.5
-200.5
-185.0
-174.0
-183.5
-182.5
-164.0
-175.5
-185.5
-175.5
-188.5
-183.0
-187.5
-190.5
-173.0
-204.5
-198.5
-178.5
-189.5
-195.5
-197.5
-211.0
-187.5
-181.0
-176.0
-189.0
-193.0
-167.5
-200.0
-215.5
-156.5
-183.0
-198.5
-176.5
-246.0
-165.0
-176.0
-184.5
-196.5
-177.5
-181.5
-194.5
-158.5
-216.5
-169.0
-182.0
-173.5
-189.0
-168.0
-180.0
-189.5
-175.5
-181.0
-179.5
-208.0
-209.5
-190.0
-182.5
-182.0
-208.0
-200.0
-206.5
-230.0
-202.5
-190.5
-165.0
-189.5
-187.5
-190.5
-159.5
-182.5
-194.0
-186.5
-176.5
-160.0
-230.0
-207.5
-188.5
-190.5
-203.5
-175.5
-166.0
-186.0
-186.0
-188.5
-162.5
-181.0
-176.5
-177.0
-166.0
-194.0
-171.0
-144.0
-166.0
-178.0
-196.5
-188.0
-203.0
-194.0
-215.5
-187.0
-191.5
-186.0
-187.5
-156.5
-186.5
-206.5
-200.5
-199.5
-185.0
-162.0
-182.5
-186.0
-203.0
-160.5
-173.5
-192.0
-213.5
-188.5
-174.0
-205.5
-195.0
-179.0
-181.5
-200.0
-159.5
-187.5
-182.5
-203.5
-169.0
-194.5
-187.5
-211.0
-205.0
-202.5
-171.0
-186.5
-190.5
-212.5
-181.0
-185.0
-179.0
-177.5
-186.0
-212.5
-178.5
-200.5
-166.0
-175.5
-194.5
-172.0
-201.0
-161.5
-189.0
-171.0
-174.5
-164.0
-207.0
-176.0
-181.5
-202.0
-183.0
-177.0
-169.0
-172.5
-177.5
-198.0
-209.5
-188.5
-183.0
-195.5
-177.0
-166.0
-183.5
-187.0
-175.5
-179.0
-197.5
-222.5
-180.5
-204.5
-163.0
-170.5
-183.0
-200.0
-220.5
-191.5
-214.0
-175.0
-184.0
-184.0
-191.5
-176.5
-176.0
-194.5
-201.5
-179.0
-166.5
-189.0
-166.0
-185.0
-178.5
-173.5
-181.5
-195.0
-196.0
-178.5
-183.0
-183.5
-194.5
-174.0
-186.5
-169.5
-165.0
-204.0
-160.5
-150.5
-172.0
-171.5
-173.0
-180.0
-187.0
-170.0
-187.0
-190.5
-168.5
-197.5
-182.5
-200.0
-160.5
-175.0
-187.5
-189.5
-190.0
-197.0
-189.0
-178.0
-199.0
-165.5
-185.0
-170.0
-173.0
-183.0
-176.5
-189.5
-196.0
-213.0
-176.0
-189.0
-181.5
-151.5
-215.0
-171.5
-185.0
-192.5
-209.5
-204.0
-191.0
-179.5
-206.5
-164.0
-183.0
-200.0
-185.5
-198.0
-182.0
-157.0
-158.5
-161.5
-181.0
-176.0
-163.5
-170.0
-197.5
-201.0
-183.0
-176.5
-189.5
-175.5
-186.0
-163.0
-174.5
-205.0
-174.5
-177.5
-182.0
-193.5
-176.5
-171.5
-170.0
-183.5
-179.5
-163.5
-193.5
-189.5
-180.5
-180.0
-191.5
-177.0
-194.5
-198.5
-163.5
-199.5
-163.5
-181.5
-173.0
-185.0
-191.0
-185.5
-209.0
-159.5
-197.5
-190.5
-182.0
-175.5
-178.5
-205.5
-222.0
-190.0
-166.5
-176.5
-182.0
-178.0
-195.0
-173.5
-185.0
-191.5
-184.5
-186.0
-201.0
-178.0
-194.5
-187.5
-208.0
-186.5
-180.0
-187.5
-187.5
-183.0
-166.0
-182.5
-177.0
-183.0
-191.5
-199.5
-171.0
-172.0
-214.0
-183.0
-178.5
-185.0
-168.5
-188.0
-166.0
-205.0
-182.5
-186.5
-168.5
-170.0
-178.5
-215.0
-221.0
-190.0
-204.0
-184.0
-206.5
-220.0
-197.5
-190.5
-185.5
-169.0
-163.0
-188.5
-206.5
-196.5
-193.0
-189.5
-188.5
-186.5
-208.5
-213.5
-170.5
-195.5
-204.5
-178.5
-202.0
-210.5
-185.0
-200.0
-172.0
-206.0
-190.5
-172.0
-165.0
-183.5
-167.5
-174.5
-168.5
-179.5
-159.0
-183.0
-199.5
-171.0
-191.5
-184.0
-205.0
-183.0
-195.5
-185.0
-163.5
-180.0
-192.5
-192.0
-181.0
-182.5
-174.0
-187.0
-207.0
-181.0
-178.5
-184.0
-170.0
-187.0
-174.0
-189.0
-192.5
-169.0
-214.5
-176.5
-187.5
-203.0
-192.5
-201.5
-170.0
-179.5
-193.5
-167.0
-205.5
-200.5
-155.5
-208.0
-183.0
-184.5
-186.0
-180.5
-187.5
-196.0
-171.0
-174.0
-195.5
-186.5
-189.0
-163.5
-178.5
-164.5
-203.0
-190.5
-184.0
-154.5
-187.0
-158.0
-186.5
-189.5
-178.5
-173.0
-207.5
-203.0
-156.0
-162.0
-188.0
-176.0
-197.0
-210.0
-177.0
-157.5
-196.5
-219.0
-199.0
-163.0
-197.5
-174.5
-177.5
-202.0
-201.0
-208.0
-172.0
-203.0
-206.0
-202.5
-193.5
-170.5
-187.5
-165.0
-172.5
-198.5
-193.5
-210.0
-198.5
-168.5
-193.5
-193.5
-188.0
-162.0
-181.5
-208.0
-179.5
-189.0
-185.5
-200.0
-186.5
-185.0
-193.5
-181.5
-200.5
-178.5
-194.5
-200.5
-161.0
-162.0
-204.5
-184.5
-182.0
-178.0
-199.5
-215.0
-177.0
-187.0
-173.0
-185.0
-193.0
-178.0
-196.0
-203.5
-188.0
-175.5
-171.0
-185.5
-201.0
-168.0
-168.5
-175.0
-170.0
-193.0
-201.5
-187.5
-197.0
-176.5
-191.5
-203.5
-181.0
-195.5
-186.5
-179.0
-184.5
-201.0
-187.0
-177.0
-205.5
-186.5
-177.0
-178.0
-186.5
-172.5
-187.0
-181.0
-192.0
-199.5
-190.0
-203.5
-186.0
-197.0
-219.5
-183.0
-191.5
-200.5
-160.0
-203.0
-193.0
-186.0
-167.0
-173.5
-191.5
-190.5
-165.5
-196.0
-193.5
-188.0
-186.5
-144.0
-185.5
-162.5
-151.0
-212.5
-181.0
-169.5
-197.5
-204.5
-199.5
-189.0
-192.0
-208.5
-153.5
-175.0
-180.0
-184.5
-171.5
-186.5
-173.5
-148.5
-186.0
-168.5
-185.0
-189.5
-198.5
-181.0
-204.0
-176.0
-183.0
-163.0
-178.0
-177.5
-172.0
-192.0
-195.0
-164.5
-192.0
-163.0
-176.0
-194.0
-173.5
-175.5
-192.5
-183.0
-178.0
-202.5
-173.0
-186.0
-168.5
-164.5
-169.0
-175.5
-198.5
-164.5
-173.5
-205.5
-180.0
-167.0
-176.5
-169.5
-174.0
-167.5
-195.5
-182.5
-182.5
-176.5
-179.0
-172.5
-177.0
-190.0
-163.0
-188.0
-187.5
-175.0
-181.0
-195.0
-174.5
-175.0
-172.0
-182.5
-165.5
-168.0
-207.0
-179.5
-197.5
-160.5
-194.5
-211.5
-169.5
-173.5
-190.5
-169.5
-190.0
-151.5
-167.0
-168.5
-180.5
-171.5
-188.0
-202.0
-176.0
-198.5
-170.5
-181.0
-163.5
-181.5
-182.0
-182.5
-186.0
-177.0
-170.5
-193.5
-195.0
-190.5
-180.5
-183.5
-182.0
-212.5
-188.5
-182.5
-180.0
-201.0
-177.0
-200.5
-161.0
-207.0
-192.0
-211.0
-195.0
-193.5
-167.5
-194.0
-176.5
-179.5
-188.5
-195.5
-148.5
-172.0
-202.5
-173.5
-173.5
-190.5
-166.5
-163.0
-180.5
-182.5
-177.5
-207.5
-186.5
-212.5
-146.5
-220.0
-197.0
-203.0
-178.0
-193.5
-182.5
-188.0
-173.0
-210.5
-193.0
-197.5
-213.5
-182.0
-203.0
-186.5
-186.0
-182.5
-164.0
-188.0
-183.5
-175.5
-199.5
-214.0
-204.0
-165.0
-182.5
-182.0
-193.5
-176.0
-194.0
-188.0
-199.0
-183.5
-165.0
-167.5
-175.0
-175.5
-193.0
-174.5
-182.0
-152.5
-176.0
-164.5
-190.0
-166.0
-140.0
-178.0
-179.5
-215.0
-229.0
-166.0
-176.5
-172.5
-173.5
-179.0
-181.0
-183.5
-230.0
-178.0
-223.5
-168.0
-182.5
-195.5
-183.0
-198.5
-177.0
-171.0
-193.5
-190.0
-223.0
-197.5
-186.0
-174.0
-165.5
-192.5
-189.5
-183.5
-190.5
-217.0
-185.5
-187.0
-193.5
-180.0
-197.0
-207.5
-175.5
-190.0
-174.0
-208.5
-189.5
-175.0
-182.5
-168.0
-177.0
-204.5
-169.0
-214.5
-177.5
-197.0
-171.0
-195.5
-182.5
-185.5
-205.5
-209.5
-201.0
-180.0
-198.0
-173.0
-210.0
-183.5
-207.0
-158.0
-184.5
-187.5
-177.0
-191.0
-181.0
-160.5
-177.0
-170.0
-187.5
-184.0
-161.5
-193.0
-176.5
-161.0
-208.0
-187.0
-198.0
-185.0
-171.0
-181.0
-188.5
-179.5
-177.5
-208.0
-199.5
-196.0
-176.5
-166.0
-215.0
-154.0
-169.0
-183.5
-197.5
-160.5
-187.0
-152.0
-185.0
-218.0
-185.5
-200.5
-199.5
-200.0
-189.5
-181.5
-181.0
-182.5
-181.0
-191.5
-169.0
-183.5
-197.5
-168.5
-155.0
-223.5
-194.5
-205.5
-164.5
-172.5
-189.5
-173.0
-198.5
-204.0
-161.5
-189.5
-184.5
-191.5
-189.0
-181.5
-181.5
-181.5
-172.0
-211.0
-182.5
-168.5
-173.5
-156.0
-172.5
-184.0
-198.0
-200.5
-189.0
-198.5
-157.5
-189.5
-178.5
-176.0
-204.5
-188.0
-208.5
-193.0
-175.0
-170.0
-175.0
-171.0
-182.5
-168.0
-194.5
-161.5
-208.5
-191.5
-173.0
-173.0
-188.0
-198.0
-194.0
-175.5
-179.5
-180.0
-193.5
-173.5
-210.5
-187.0
-198.5
-168.5
-189.0
-180.0
-186.0
-183.0
-166.5
-170.0
-195.5
-174.5
-155.5
-173.0
-189.5
-175.5
-186.0
-187.0
-162.5
-174.0
-181.5
-220.5
-194.0
-156.0
-191.0
-187.0
-181.5
-212.5
-197.5
-178.5
-182.0
-168.5
-172.5
-186.0
-158.5
-199.5
-160.0
-178.5
-182.5
-167.0
-175.0
-157.0
-151.5
-203.5
-177.5
-171.0
-162.5
-203.5
-163.5
-192.0
-195.5
-211.0
-214.5
-202.5
-196.0
-187.5
-218.5
-184.0
-140.0
-172.5
-172.0
-179.0
-187.5
-178.5
-185.5
-201.5
-154.0
-193.0
-198.5
-183.0
-208.5
-184.5
-185.5
-200.5
-181.0
-191.0
-198.0
-189.5
-191.5
-183.5
-171.0
-165.0
-194.0
-186.5
-188.5
-171.0
-167.5
-207.0
-172.5
-191.5
-216.5
-196.5
-182.5
-189.0
-187.5
-194.5
-192.0
-176.5
-171.5
-170.0
-191.5
-155.0
-159.0
-179.0
-183.0
-173.0
-173.0
-196.5
-173.0
-199.0
-185.0
-191.0
-171.0
-189.5
-172.0
-163.0
-172.0
-185.0
-196.0
-174.0
-179.5
-161.0
-173.0
-178.5
-205.5
-185.0
-195.0
-193.0
-182.0
-188.0
-177.5
-190.0
-193.0
-167.5
-178.0
-181.5
-161.5
-205.0
-181.0
-181.0
-174.0
-159.5
-213.5
-171.5
-178.5
-184.5
-199.5
-214.0
-183.5
-208.5
-166.5
-180.5
-210.0
-172.0
-212.0
-201.5
-166.0
-183.0
-180.0
-200.0
-217.5
-190.5
-177.5
-173.5
-179.5
-166.0
-188.0
-190.5
-202.0
-199.5
-177.0
-188.0
-198.5
-177.0
-164.0
-193.0
-176.0
-182.5
-182.0
-184.5
-188.5
-164.5
-193.0
-207.0
-154.0
-163.5
-182.0
-210.0
-208.0
-170.5
-192.0
-186.0
-183.0
-189.0
-188.0
-214.5
-187.5
-174.5
-198.5
-193.5
-175.0
-142.0
-178.5
-178.0
-172.5
-159.0
-181.0
-157.5
-192.5
-176.5
-173.5
-178.0
-181.0
-183.0
-199.0
-186.5
-208.0
-177.0
-176.5
-171.5
-171.5
-178.5
-184.5
-180.5
-194.5
-194.5
-189.5
-188.5
-170.5
-188.5
-179.5
-212.0
-190.0
-203.5
-186.0
-219.0
-197.0
-203.0
-177.0
-188.5
-182.0
-185.5
-202.0
-162.0
-167.5
-189.0
-180.0
-193.0
-184.0
-188.0
-185.0
-188.5
-167.0
-182.5
-194.0
-185.5
-201.0
-144.0
-188.0
-190.5
-179.0
-211.0
-188.0
-177.0
-184.5
-153.0
-177.0
-192.5
-174.5
-160.5
-154.5
-175.0
-167.0
-182.0
-215.5
-183.0
-192.0
-180.0
-190.5
-179.5
-216.0
-177.0
-173.5
-188.0
-200.0
-202.0
-189.5
-185.0
-186.0
-192.0
-198.5
-183.0
-193.0
-188.5
-174.5
-174.0
-199.0
-186.5
-200.0
-203.0
-184.0
-181.5
-165.5
-175.0
-216.0
-194.5
-189.5
-186.5
-187.5
-193.0
-200.0
-191.0
-172.5
-163.0
-163.5
-162.0
-181.5
-186.5
-189.0
-199.5
-194.0
-175.5
-171.0
-174.5
-199.5
-202.0
-192.0
-193.5
-208.5
-181.0
-178.0
-196.5
-186.5
-153.0
-177.0
-161.0
-187.5
-164.0
-209.5
-185.5
-180.0
-212.5
-198.0
-175.5
-184.0
-182.5
-193.5
-168.5
-174.0
-163.0
-178.0
-193.5
-209.0
-180.0
-180.5
-188.5
-151.0
-195.0
-193.0
-202.0
-157.0
-193.5
-196.5
-181.5
-189.5
-187.0
-182.5
-187.5
-206.0
-195.0
-196.0
-202.0
-188.0
-172.5
-200.5
-168.0
-203.5
-162.5
-188.5
-178.5
-189.5
-185.0
-201.5
-180.5
-177.5
-184.5
-185.0
-191.5
-159.5
-178.0
-209.0
-198.5
-196.0
-170.0
-144.5
-184.5
-199.5
-180.0
-174.5
-185.5
-168.0
-176.5
-182.5
-179.0
-200.0
-230.0
-166.0
-153.0
-175.0
-168.5
-194.0
-170.0
-187.0
-152.5
-174.0
-181.5
-183.0
-187.5
-165.5
-152.5
-182.0
-191.5
-179.0
-172.5
-192.0
-169.0
-198.5
-174.0
-197.0
-233.5
-188.0
-205.0
-196.0
-175.0
-179.5
-174.0
-191.5
-173.5
-218.5
-186.5
-179.0
-181.0
-197.5
-190.0
-173.5
-197.5
-199.5
-178.5
-204.5
-188.5
-200.5
-204.5
-201.5
-185.0
-178.5
-210.0
-162.5
-192.0
-192.0
-163.0
-211.0
-197.5
-175.0
-191.0
-176.5
-179.5
-201.0
-144.5
-186.5
-179.5
-185.5
-178.5
-168.5
-176.5
-181.0
-169.5
-173.0
-170.0
-177.0
-199.0
-187.0
-197.0
-161.0
-176.0
-192.5
-163.0
-202.0
-152.0
-204.5
-191.0
-161.5
-186.5
-191.5
-171.0
-182.5
-180.0
-159.0
-211.5
-186.5
-202.5
-203.0
-175.5
-209.5
-173.5
-187.0
-193.5
-193.0
-180.5
-153.5
-175.5
-190.5
-200.5
-186.5
-164.5
-176.0
-202.5
-179.0
-168.0
-163.5
-190.5
-194.0
-197.0
-184.5
-213.0
-189.0
-195.5
-193.5
-182.5
-207.0
-187.0
-163.5
-170.0
-205.5
-182.5
-178.0
-184.5
-151.5
-189.5
-194.0
-177.5
-183.5
-184.0
-164.0
-185.5
-176.0
-163.5
-180.5
-177.0
-185.5
-178.5
-191.0
-201.0
-174.5
-181.0
-176.5
-189.0
-182.0
-189.5
-198.0
-206.0
-170.0
-196.5
-213.0
-176.0
-195.5
-152.5
-176.0
-189.5
-192.0
-201.0
-178.5
-175.0
-169.0
-174.5
-162.5
-212.0
-194.0
-190.5
-188.5
-215.0
-214.5
-151.0
-159.0
-170.0
-180.5
-173.0
-196.0
-158.5
-181.5
-197.5
-193.0
-192.0
-175.5
-191.5
-191.5
-189.0
-165.5
-188.0
-170.5
-204.0
-150.5
-191.5
-188.0
-191.0
-191.0
-198.5
-175.0
-168.0
-152.5
-185.0
-150.5
-188.5
-157.0
-186.0
-170.0
-198.5
-195.0
-188.0
-172.5
-190.5
-167.0
-188.0
-203.0
-226.5
-190.0
-166.5
-198.0
-233.5
-210.5
-181.0
-191.0
-192.5
-182.5
-180.5
-196.0
-208.5
-188.0
-210.5
-190.0
-183.5
-220.0
-153.5
-193.0
-185.5
-206.0
-151.5
-184.5
-190.5
-205.5
-190.5
-188.0
-168.0
-194.5
-180.5
-178.0
-154.0
-193.0
-202.0
-173.0
-187.5
-169.5
-192.5
-182.5
-183.0
-178.5
-180.5
-186.5
-197.0
-173.5
-200.5
-196.0
-175.5
-199.0
-196.0
-184.0
-174.5
-189.5
-175.5
-186.0
-159.0
-188.5
-206.0
-192.0
-171.5
-212.0
-173.5
-183.5
-198.0
-198.0
-187.5
-185.5
-215.0
-216.0
-190.5
-168.5
-178.5
-200.5
-180.0
-179.5
-163.0
-193.0
-196.5
-198.0
-190.5
-184.5
-173.5
-184.5
-180.5
-181.5
-192.0
-194.5
-195.0
-179.5
-204.0
-156.5
-172.5
-194.0
-184.0
-184.0
-169.5
-161.5
-203.5
-174.0
-177.0
-183.5
-198.0
-173.5
-179.5
-167.0
-171.5
-177.5
-187.0
-180.5
-183.5
-181.0
-183.5
-166.0
-169.0
-178.5
-174.5
-205.5
-182.5
-198.0
-182.5
-181.0
-184.0
-188.0
-202.0
-179.0
-165.0
-169.0
-186.0
-197.0
-196.0
-179.5
-170.0
-189.0
-173.5
-184.0
-178.0
-192.5
-208.0
-177.0
-203.0
-178.0
-184.5
-203.0
-191.0
-205.5
-191.5
-196.0
-175.0
-172.5
-195.5
-187.0
-173.5
-205.5
-190.0
-186.5
-193.5
-193.0
-149.5
-187.5
-186.5
-177.0
-180.5
-153.0
-176.0
-212.5
-198.0
-176.5
-189.0
-172.5
-188.5
-180.5
-220.5
-171.0
-182.5
-196.5
-176.5
-215.0
-200.0
-190.0
-173.0
-190.5
-194.0
-167.5
-185.0
-178.0
-189.0
-200.5
-189.5
-190.0
-185.0
-194.5
-209.5
-184.5
-186.0
-192.0
-180.5
-191.0
-178.0
-197.0
-213.0
-201.0
-199.5
-183.5
-193.0
-182.0
-172.0
-193.5
-195.5
-183.5
-180.5
-173.5
-186.0
-193.0
-201.5
-198.5
-203.0
-192.5
-195.5
-177.5
-175.5
-159.0
-189.0
-203.0
-195.5
-193.0
-181.5
-188.0
-202.0
-191.0
-202.5
-230.0
-212.0
-181.5
-182.5
-178.0
-189.0
-189.0
-158.5
-178.0
-224.5
-197.0
-184.0
-196.0
-181.0
-170.5
-160.5
-160.5
-215.5
-181.5
-179.0
-176.5
-202.5
-179.0
-185.0
-172.5
-191.0
-176.5
-179.0
-171.5
-198.0
-207.5
-193.5
-167.5
-167.0
-176.0
-196.0
-172.0
-185.0
-172.5
-181.0
-186.0
-169.0
-154.5
-201.0
-185.5
-170.0
-185.0
-191.5
-164.0
-159.5
-194.0
-180.5
-176.0
-171.0
-211.0
-178.5
-211.0
-187.5
-183.0
-182.5
-183.0
-185.5
-187.0
-193.0
-182.5
-187.5
-162.5
-211.5
-164.5
-197.5
-171.0
-193.5
-199.5
-200.5
-181.0
-167.5
-190.5
-207.5
-192.0
-190.5
-184.5
-224.0
-180.0
-185.0
-196.0
-184.5
-195.0
-194.5
-194.0
-172.5
-154.0
-212.5
-186.5
-177.5
-189.5
-179.0
-172.5
-187.5
-201.0
-196.0
-191.5
-188.5
-185.0
-196.0
-186.0
-214.0
-168.0
-199.5
-186.5
-164.5
-199.0
-201.0
-196.5
-183.5
-185.0
-184.5
-175.5
-186.0
-181.0
-202.5
-169.5
-190.5
-191.5
-196.5
-195.5
-194.0
-181.5
-181.0
-187.5
-161.5
-191.5
-197.0
-178.0
-204.0
-201.0
-174.0
-163.0
-196.0
-190.5
-201.5
-163.0
-172.0
-199.0
-171.5
-183.0
-183.5
-174.5
-182.0
-211.0
-182.0
-184.5
-178.5
-202.0
-182.0
-194.0
-207.0
-185.0
-193.0
-170.5
-210.0
-173.0
-167.5
-182.0
-159.5
-180.0
-195.5
-180.0
-168.0
-191.5
-182.5
-195.0
-182.5
-207.0
-191.0
-174.0
-190.0
-176.0
-176.0
-191.5
-178.0
-187.0
-170.0
-189.0
-178.0
-213.0
-172.5
-175.0
-175.5
-191.5
-165.5
-194.5
-177.0
-186.5
-161.0
-198.0
-201.0
-180.5
-209.5
-193.0
-174.5
-193.5
-167.0
-180.5
-161.5
-192.0
-185.5
-186.5
-160.0
-190.5
-166.0
-192.5
-181.5
-173.0
-199.5
-182.5
-163.0
-216.0
-177.0
-186.0
-166.5
-177.0
-164.5
-184.5
-193.0
-185.5
-179.5
-192.5
-183.5
-176.5
-190.0
-198.0
-182.5
-197.0
-193.0
-184.0
-183.5
-165.5
-194.0
-191.5
-190.5
-187.5
-164.0
-186.0
-170.5
-201.0
-180.0
-191.0
-187.5
-199.0
-168.5
-187.0
-214.0
-180.5
-194.0
-210.5
-191.5
-202.0
-169.0
-183.0
-164.5
-190.0
-162.0
-179.5
-206.5
-172.0
-196.0
-192.5
-169.5
-187.5
-210.0
-182.5
-166.0
-175.5
-175.5
-181.0
-192.0
-179.5
-183.5
-172.0
-165.5
-191.0
-189.5
-201.5
-172.0
-194.5
-178.5
-201.0
-150.5
-194.5
-201.5
-198.0
-175.0
-206.0
-180.5
-183.0
-210.5
-156.5
-157.5
-203.5
-203.0
-168.5
-211.0
-173.0
-200.0
-185.0
-177.5
-181.0
-180.5
-200.5
-181.0
-211.0
-185.5
-189.5
-189.5
-181.0
-174.0
-166.0
-206.5
-186.0
-182.0
-171.5
-205.0
-168.5
-168.5
-160.0
-187.5
-166.5
-185.0
-198.5
-183.0
-159.0
-163.5
-177.0
-216.5
-170.0
-199.0
-188.5
-179.5
-188.0
-198.5
-182.5
-191.0
-187.5
-202.5
-182.0
-192.0
-192.0
-177.0
-179.5
-203.5
-174.0
-180.5
-162.5
-195.0
-180.5
-212.5
-202.5
-188.5
-189.0
-172.0
-196.5
-180.0
-173.0
-210.5
-188.5
-168.5
-180.0
-174.5
-157.0
-175.0
-190.5
-202.5
-196.5
-186.0
-190.0
-163.0
-156.0
-214.0
-179.0
-189.5
-172.5
-184.0
-217.5
-185.0
-184.0
-184.5
-158.0
-182.0
-196.0
-194.0
-190.0
-162.5
-166.0
-183.0
-162.5
-168.5
-178.5
-166.0
-183.0
-159.0
-199.0
-194.0
-177.5
-192.5
-197.0
-187.0
-190.0
-201.0
-172.5
-205.0
-170.5
-184.0
-170.0
-196.5
-187.0
-166.0
-207.0
-161.0
-194.0
-157.0
-191.0
-158.5
-192.5
-172.5
-160.0
-169.0
-179.0
-174.5
-171.0
-181.0
-173.5
-199.0
-185.0
-200.0
-220.0
-182.5
-208.0
-180.0
-158.5
-192.5
-171.5
-187.5
-156.0
-187.5
-184.5
-164.0
-185.0
-158.0
-176.0
-184.0
-169.0
-166.0
-192.5
-194.5
-194.0
-164.5
-185.5
-176.5
-196.5
-184.5
-200.5
-174.0
-180.5
-181.0
-206.5
-160.0
-208.0
-143.0
-179.5
-165.5
-183.0
-185.0
-193.0
-151.5
-170.0
-192.0
-180.5
-206.5
-174.0
-197.0
-190.5
-196.0
-167.5
-175.0
-210.5
-190.5
-207.0
-195.5
-176.0
-169.5
-196.5
-194.0
-175.0
-156.5
-200.5
-184.0
-187.5
-184.5
-170.5
-193.0
-184.0
-201.0
-190.5
-188.5
-181.5
-197.5
-179.5
-167.0
-189.5
-209.5
-178.0
-186.5
-195.5
-209.0
-187.0
-214.5
-177.5
-197.5
-170.0
-169.5
-184.5
-191.0
-193.0
-199.0
-203.0
-168.5
-188.5
-206.5
-195.5
-207.0
-182.5
-205.0
-191.0
-156.0
-160.0
-172.5
-207.0
-156.5
-197.5
-187.5
-200.5
-166.5
-190.5
-203.0
-206.0
-188.0
-204.0
-189.5
-182.5
-178.5
-198.0
-157.5
-159.0
-189.0
-182.5
-173.5
-198.0
-174.0
-194.0
-166.5
-186.5
-166.0
-181.5
-155.5
-169.5
-171.5
-185.0
-189.5
-163.5
-174.0
-187.5
-176.0
-188.0
-157.5
-188.5
-171.0
-185.5
-173.5
-194.0
-189.0
-171.5
-175.0
-182.5
-199.0
-164.0
-190.5
-177.0
-179.5
-169.5
-217.0
-171.0
-195.0
-186.0
-184.0
-195.5
-170.5
-186.0
-163.5
-171.5
-181.5
-194.0
-169.5
-206.0
-191.5
-213.0
-182.0
-183.5
-193.5
-189.0
-201.5
-205.0
-184.5
-167.5
-170.5
-171.5
-201.0
-182.5
-180.5
-192.0
-204.5
-195.0
-200.0
-178.0
-206.5
-194.0
-190.5
-187.5
-198.0
-200.0
-224.5
-185.5
-189.0
-164.5
-211.5
-193.0
-172.5
-205.5
-211.5
-199.5
-185.5
-193.5
-163.0
-174.5
-165.5
-150.5
-195.0
-164.5
-182.0
-187.5
-174.5
-174.0
-179.0
-192.5
-197.0
-183.0
-173.0
-176.0
-190.5
-188.5
-195.0
-182.5
-174.0
-201.5
-187.0
-147.0
-173.5
-175.0
-187.5
-173.5
-171.0
-183.0
-201.0
-199.0
-187.5
-204.0
-187.5
-220.5
-171.0
-183.5
-183.0
-194.0
-191.0
-180.5
-162.5
-179.0
-169.5
-168.0
-176.5
-202.0
-191.0
-190.0
-201.0
-181.5
-170.5
-186.5
-201.0
-167.0
-180.5
-199.5
-213.5
-165.5
-196.0
-190.0
-180.0
-182.5
-179.0
-180.0
-200.0
-191.0
-209.5
-168.5
-162.0
-184.5
-195.0
-157.0
-166.0
-177.0
-192.0
-172.5
-195.5
-170.5
-177.0
-173.5
-191.0
-161.0
-197.5
-198.5
-183.0
-177.5
-195.0
-187.5
-150.0
-193.5
-191.0
-194.5
-177.0
-176.0
-184.0
-192.0
-179.0
-191.5
-190.0
-184.5
-192.0
-173.5
-183.5
-210.5
-160.5
-202.0
-149.0
-186.5
-190.0
-202.5
-200.5
-183.0
-184.0
-178.5
-174.5
-178.5
-179.5
-176.0
-177.5
-182.0
-178.0
-191.0
-170.5
-167.0
-192.5
-179.5
-183.0
-199.0
-168.0
-171.5
-175.0
-222.0
-189.5
-188.0
-184.5
-168.5
-183.0
-173.0
-193.5
-200.0
-188.0
-186.0
-181.5
-176.0
-194.5
-189.5
-199.0
-170.5
-181.5
-160.5
-177.0
-166.0
-185.5
-185.5
-188.0
-204.0
-166.5
-194.5
-181.0
-180.5
-197.0
-210.5
-205.5
-195.5
-188.0
-181.0
-168.5
-161.5
-168.5
-177.0
-214.0
-178.0
-181.0
-187.5
-180.0
-195.5
-186.0
-193.5
-155.5
-181.5
-191.0
-197.0
-191.5
-196.0
-186.5
-189.0
-183.5
-171.0
-180.5
-175.0
-182.0
-185.5
-199.0
-204.0
-201.0
-196.0
-189.5
-176.5
-207.5
-205.5
-208.5
-164.0
-182.0
-169.5
-169.0
-182.0
-171.5
-176.5
-179.5
-175.0
-166.0
-196.0
-191.5
-202.0
-178.5
-186.5
-190.5
-179.5
-163.0
-188.0
-194.5
-183.5
-169.0
-196.5
-179.5
-197.5
-170.0
-215.0
-185.0
-183.0
-173.0
-193.5
-188.5
-197.0
-160.0
-198.5
-180.0
-164.5
-169.0
-194.0
-178.0
-175.0
-199.5
-180.5
-154.0
-180.5
-145.0
-187.0
-175.5
-181.5
-159.0
-162.0
-165.0
-188.5
-194.5
-176.5
-166.5
-158.0
-171.0
-179.0
-189.5
-191.5
-197.5
-192.5
-199.5
-171.5
-180.5
-169.0
-209.0
-198.5
-183.0
-197.0
-179.5
-181.0
-198.0
-193.5
-190.5
-176.0
-167.0
-193.5
-176.5
-178.0
-192.0
-180.5
-205.5
-181.5
-185.5
-176.0
-178.0
-176.0
-173.0
-155.0
-163.5
-193.0
-208.0
-187.5
-176.0
-187.0
-180.5
-192.5
-153.5
-162.0
-200.0
-201.5
-175.0
-180.5
-166.0
-186.0
-200.0
-202.0
-200.0
-174.0
-190.5
-190.0
-167.0
-206.5
-176.0
-181.5
-195.0
-204.0
-156.5
-189.0
-185.5
-202.0
-183.5
-179.5
-161.0
-209.5
-186.0
-180.5
-206.0
-174.0
-194.5
-189.0
-189.5
-215.0
-172.5
-181.5
-170.0
-187.5
-171.5
-154.0
-194.0
-189.0
-202.5
-210.5
-185.5
-204.5
-172.0
-208.5
-191.5
-195.5
-188.5
-169.5
-169.0
-205.5
-180.0
-196.5
-185.5
-179.0
-197.0
-194.5
-191.5
-178.5
-188.0
-172.5
-177.0
-202.5
-182.5
-162.5
-179.0
-182.0
-171.5
-178.5
-192.5
-224.5
-168.0
-181.5
-174.0
-181.0
-166.0
-183.0
-186.5
-172.0
-179.0
-171.0
-191.5
-194.5
-168.0
-178.5
-187.5
-177.0
-196.0
-202.5
-168.0
-199.5
-166.5
-183.5
-182.5
-205.5
-184.5
-194.5
-185.5
-211.0
-184.0
-174.0
-159.5
-161.5
-197.5
-177.5
-164.5
-175.5
-198.0
-167.0
-199.0
-209.5
-189.5
-216.5
-185.5
-183.5
-200.0
-180.5
-174.0
-196.0
-177.5
-208.5
-179.0
-187.0
-177.0
-149.5
-201.0
-180.5
-170.5
-177.0
-192.5
-199.5
-166.0
-168.5
-178.0
-174.0
-157.5
-176.0
-184.5
-177.5
-202.5
-177.0
-188.5
-197.0
-203.5
-218.0
-185.0
-183.5
-196.5
-149.5
-180.0
-180.5
-183.5
-193.5
-205.0
-213.5
-154.5
-185.5
-190.5
-198.0
-167.5
-162.5
-205.5
-203.5
-165.0
-201.5
-192.0
-187.5
-195.5
-202.5
-192.5
-177.0
-176.5
-177.0
-186.5
-206.0
-167.5
-188.5
-184.5
-189.5
-204.0
-161.0
-163.5
-180.5
-220.5
-181.5
-178.0
-186.5
-191.0
-172.0
-201.0
-188.5
-183.0
-177.5
-189.0
-188.5
-188.0
-191.0
-186.5
-185.5
-182.0
-201.5
-175.0
-181.5
-209.0
-179.0
-173.5
-183.0
-184.5
-179.5
-176.0
-188.5
-165.5
-189.5
-171.0
-198.5
-183.0
-166.0
-176.5
-185.5
-183.5
-170.5
-180.5
-170.5
-179.5
-160.5
-162.5
-190.5
-176.0
-184.0
-181.0
-172.5
-204.0
-172.0
-198.5
-200.0
-196.0
-189.0
-176.5
-175.0
-203.5
-182.5
-175.5
-175.5
-186.0
-183.5
-179.0
-191.0
-180.5
-183.0
-182.5
-182.5
-168.5
-189.5
-166.5
-189.5
-175.5
-197.0
-179.0
-173.0
-162.5
-165.5
-205.0
-187.5
-174.5
-176.5
-199.0
-189.0
-183.5
-193.5
-189.5
-150.0
-175.0
-199.5
-179.5
-201.5
-160.0
-168.0
-215.5
-211.0
-174.5
-173.5
-203.0
-177.5
-198.5
-193.0
-173.5
-188.0
-184.5
-175.0
-190.5
-199.0
-187.5
-177.0
-175.0
-191.0
-188.0
-189.5
-199.0
-182.0
-195.5
-172.0
-191.0
-200.5
-188.5
-154.5
-173.0
-197.5
-192.0
-206.0
-182.5
-191.0
-176.0
-209.0
-183.0
-176.0
-179.5
-171.0
-167.5
-175.5
-181.5
-174.0
-208.5
-202.5
-197.0
-195.0
-190.5
-171.0
-198.0
-164.5
-181.5
-172.5
-182.0
-203.0
-164.0
-184.0
-199.5
-189.0
-178.0
-166.0
-206.5
-189.5
-176.0
-165.5
-198.0
-191.0
-189.0
-168.0
-150.0
-185.5
-185.5
-213.5
-206.5
-179.5
-180.0
-186.0
-175.5
-184.0
-201.5
-164.5
-190.5
-186.5
-182.0
-190.5
-180.0
-211.0
-194.5
-191.5
-190.5
-151.0
-187.0
-196.5
-182.5
-192.5
-166.5
-203.0
-176.0
-194.5
-211.5
-189.0
-154.5
-182.0
-171.0
-175.5
-178.5
-167.0
-167.0
-201.5
-188.0
-176.5
-188.5
-205.5
-195.0
-171.0
-178.5
-173.0
-181.5
-174.0
-199.0
-176.5
-173.0
-170.0
-192.0
-196.5
-212.0
-198.5
-164.0
-185.0
-183.5
-187.5
-207.0
-176.5
-179.0
-194.0
-208.5
-188.5
-160.0
-175.0
-196.5
-185.5
-193.0
-179.5
-196.0
-201.5
-174.5
-190.5
-186.5
-179.0
-159.0
-190.0
-179.0
-190.5
-189.5
-194.0
-196.5
-184.0
-180.0
-171.0
-182.0
-149.0
-224.5
-195.0
-201.5
-186.0
-185.0
-176.0
-191.5
-179.5
-189.5
-196.0
-178.0
-200.5
-200.5
-165.5
-182.5
-171.5
-173.5
-201.5
-176.0
-178.0
-173.5
-158.0
-186.0
-191.0
-187.5
-192.0
-208.0
-176.5
-197.0
-175.0
-197.0
-183.0
-204.5
-175.0
-182.0
-190.5
-197.0
-181.5
-171.0
-195.0
-197.5
-167.5
-168.0
-192.5
-177.5
-202.5
-171.0
-190.0
-155.0
-196.0
-201.0
-213.5
-195.5
-193.5
-198.5
-198.5
-197.5
-195.5
-178.5
-178.5
-168.5
-182.5
-177.5
-167.0
-171.5
-194.0
-165.0
-153.0
-182.0
-194.0
-192.5
-198.5
-189.5
-198.5
-184.0
-185.5
-179.0
-192.5
-193.0
-198.5
-201.0
-178.0
-187.0
-186.0
-178.0
-204.0
-177.0
-154.5
-204.0
-170.5
-179.0
-163.0
-194.0
-182.0
-184.5
-188.0
-184.0
-154.5
-163.5
-167.0
-188.0
-186.5
-174.5
-171.0
-158.5
-160.0
-165.0
-175.0
-189.0
-195.0
-206.0
-203.5
-192.0
-170.5
-208.0
-197.0
-179.0
-208.5
-196.0
-176.0
-177.5
-189.5
-215.0
-197.5
-185.5
-180.0
-195.0
-200.5
-204.0
-184.0
-173.0
-177.5
-174.5
-228.0
-172.5
-192.5
-195.5
-198.5
-173.0
-168.5
-184.5
-171.5
-179.0
-195.0
-195.0
-192.5
-179.0
-206.5
-151.0
-186.5
-172.5
-180.5
-169.5
-181.5
-186.5
-176.0
-204.0
-190.5
-167.5
-192.0
-201.5
-181.5
-208.5
-211.5
-162.0
-167.0
-200.5
-183.5
-161.0
-167.0
-197.5
-187.0
-187.0
-200.0
-165.0
-168.5
-188.5
-187.5
-182.5
-169.5
-176.0
-183.5
-184.5
-179.5
-181.0
-167.0
-173.0
-191.0
-170.5
-182.0
-162.0
-179.5
-185.0
-174.0
-160.5
-198.5
-182.0
-203.0
-189.5
-190.5
-209.5
-166.0
-203.0
-161.0
-159.5
-150.5
-181.0
-184.5
-174.5
-187.0
-189.0
-174.5
-178.0
-193.5
-210.5
-177.5
-181.5
-193.0
-179.5
-177.5
-169.0
-179.5
-213.5
-173.0
-172.0
-188.5
-170.0
-200.0
-194.0
-173.5
-195.5
-173.0
-189.0
-196.5
-186.0
-178.5
-191.5
-187.5
-178.0
-185.5
-178.0
-166.0
-179.0
-171.0
-191.0
-191.5
-168.0
-187.5
-189.5
-189.0
-181.5
-179.5
-191.0
-177.5
-186.5
-183.5
-183.5
-194.5
-179.0
-177.0
-193.5
-188.5
-153.5
-202.5
-177.5
-193.5
-197.5
-181.5
-177.5
-184.5
-177.5
-189.0
-211.5
-179.0
-179.5
-209.5
-172.0
-187.5
-201.5
-179.5
-189.0
-148.5
-184.0
-182.0
-158.5
-164.0
-179.5
-184.0
-189.0
-194.0
-179.0
-180.5
-214.5
-180.5
-184.0
-195.5
-188.0
-193.5
-180.0
-177.0
-212.5
-221.0
-184.5
-179.5
-198.5
-189.5
-202.5
-160.0
-166.5
-193.0
-206.0
-193.0
-199.5
-185.0
-168.5
-190.5
-166.0
-205.0
-167.5
-174.0
-180.0
-197.0
-205.0
-165.5
-174.0
-193.0
-180.5
-175.0
-203.0
-171.0
-172.0
-199.5
-186.5
-157.5
-164.5
-162.5
-181.5
-171.5
-189.0
-178.0
-185.5
-191.0
-198.5
-159.5
-183.0
-173.5
-176.5
-179.0
-191.5
-222.5
-177.0
-182.0
-170.0
-179.0
-172.5
-176.0
-190.5
-194.0
-168.0
-202.0
-191.0
-208.5
-200.0
-181.5
-182.0
-158.5
-182.0
-188.5
-203.5
-200.0
-192.0
-178.5
-189.0
-163.0
-184.0
-190.5
-158.0
-186.5
-184.0
-153.5
-190.5
-171.0
-187.5
-171.0
-175.5
-188.5
-178.5
-189.0
-188.0
-184.5
-189.0
-168.5
-175.5
-149.5
-171.0
-174.5
-183.0
-172.5
-226.5
-168.5
-178.5
-170.5
-156.5
-161.0
-164.5
-163.0
-184.5
-178.0
-160.5
-181.5
-209.5
-175.0
-201.5
-206.5
-182.5
-186.5
-193.5
-169.5
-204.5
-173.0
-182.5
-179.5
-197.0
-178.5
-179.0
-185.5
-158.0
-169.5
-188.5
-173.5
-165.5
-184.5
-172.0
-197.5
-177.5
-214.5
-183.5
-188.5
-184.0
-185.5
-177.0
-190.5
-170.5
-231.5
-197.5
-148.0
-199.0
-204.0
-173.5
-199.5
-194.5
-174.5
-196.0
-170.0
-197.0
-175.5
-182.0
-169.5
-150.0
-201.0
-207.5
-152.0
-187.5
-168.0
-188.0
-186.5
-182.5
-159.0
-197.5
-172.0
-164.0
-211.5
-179.0
-192.0
-185.0
-197.0
-188.5
-178.0
-158.5
-160.0
-172.5
-165.5
-196.0
-199.5
-176.5
-194.5
-179.5
-177.5
-175.5
-151.0
-183.0
-187.0
-193.5
-185.5
-159.5
-184.0
-184.5
-173.0
-171.5
-187.5
-179.5
-174.0
-160.0
-181.0
-169.5
-148.5
-161.0
-193.5
-179.5
-190.5
-176.5
-177.0
-176.5
-169.5
-192.5
-178.5
-148.5
-196.5
-168.0
-189.0
-203.0
-174.0
-162.0
-188.0
-184.0
-168.0
-188.0
-175.0
-193.5
-172.5
-206.5
-207.0
-199.5
-192.5
-171.5
-166.5
-173.0
-161.5
-196.5
-180.0
-173.5
-186.0
-181.5
-167.5
-186.5
-199.5
-156.0
-192.5
-176.0
-183.5
-184.5
-184.5
-186.0
-178.5
-216.0
-213.0
-187.5
-198.0
-201.5
-193.0
-185.0
-192.5
-188.5
-184.0
-179.5
-176.5
-182.0
-197.5
-158.5
-197.5
-193.0
-180.5
-168.0
-193.5
-184.0
-193.0
-199.0
-174.5
-189.5
-176.0
-184.0
-181.5
-183.5
-186.5
-189.5
-178.5
-178.5
-152.0
-217.5
-149.0
-166.0
-181.5
-180.5
-162.5
-192.5
-190.0
-187.0
-182.0
-201.5
-182.5
-175.5
-198.5
-198.0
-189.5
-183.5
-176.5
-193.5
-178.0
-167.0
-177.0
-187.0
-177.0
-181.0
-199.5
-195.0
-154.5
-193.5
-194.5
-180.5
-167.0
-208.0
-168.5
-190.0
-183.5
-153.5
-164.5
-167.5
-197.0
-168.0
-173.5
-181.0
-197.5
-157.5
-199.5
-188.5
-191.5
-183.5
-153.0
-165.0
-210.5
-192.0
-181.0
-184.5
-201.0
-168.5
-170.0
-187.0
-222.5
-190.0
-195.0
-191.5
-176.0
-173.5
-182.0
-186.0
-189.5
-194.0
-196.0
-197.5
-211.5
-170.5
-183.0
-170.0
-159.5
-162.0
-187.0
-171.0
-152.5
-186.0
-170.0
-175.5
-185.0
-201.0
-175.5
-175.0
-170.5
-164.5
-180.5
-177.5
-199.5
-184.5
-170.5
-216.0
-161.0
-184.0
-185.0
-212.0
-210.5
-154.5
-172.5
-171.0
-169.0
-179.5
-181.0
-191.0
-210.5
-184.0
-184.0
-173.0
-189.5
-191.5
-205.5
-188.5
-201.0
-182.5
-181.5
-201.5
-171.5
-163.5
-178.0
-199.0
-190.0
-156.5
-188.0
-180.5
-170.5
-187.5
-194.0
-193.5
-196.5
-169.5
-184.0
-186.0
-169.5
-195.5
-207.5
-196.5
-181.5
-173.0
-217.5
-214.5
-162.5
-178.0
-179.0
-210.5
-174.5
-186.0
-173.5
-206.0
-188.0
-181.5
-170.5
-185.0
-176.5
-175.5
-153.5
-160.5
-191.5
-208.0
-169.0
-210.0
-191.5
-200.5
-184.0
-190.5
-185.0
-166.0
-166.0
-191.0
-165.0
-196.0
-177.0
-190.5
-178.5
-205.5
-187.5
-187.5
-173.5
-168.0
-193.0
-176.5
-192.5
-191.5
-206.5
-180.5
-192.0
-197.5
-191.0
-174.5
-176.0
-168.0
-162.0
-196.0
-172.5
-178.0
-191.0
-169.0
-204.5
-198.5
-181.5
-176.0
-177.0
-164.5
-178.0
-178.0
-174.0
-204.5
-160.5
-201.0
-175.5
-193.5
-200.5
-199.5
-177.5
-180.0
-174.0
-157.0
-176.5
-172.0
-192.0
-176.0
-174.5
-175.5
-196.5
-191.5
-164.5
-162.5
-146.0
-167.5
-196.5
-193.5
-194.0
-156.0
-163.5
-175.5
-170.0
-186.5
-163.5
-184.0
-162.0
-202.0
-176.5
-182.0
-184.5
-190.0
-162.0
-165.5
-177.0
-183.0
-180.5
-179.0
-188.5
-184.0
-179.5
-172.5
-187.0
-220.0
-159.0
-171.0
-179.0
-187.5
-178.0
-171.5
-198.0
-172.0
-187.0
-206.0
-175.5
-171.5
-199.5
-166.0
-184.0
-171.0
-151.5
-195.0
-199.0
-192.0
-180.0
-167.0
-180.0
-175.0
-224.5
-188.0
-186.0
-176.0
-176.0
-211.0
-179.0
-184.5
-175.0
-189.0
-172.5
-179.0
-146.5
-193.0
-206.5
-202.0
-185.0
-162.5
-168.0
-171.0
-182.0
-171.5
-189.5
-182.5
-186.5
-186.5
-170.5
-196.0
-179.0
-193.5
-179.5
-181.5
-200.0
-199.0
-193.5
-188.5
-194.5
-193.5
-169.5
-185.0
-172.5
-184.0
-188.0
-217.0
-191.5
-134.5
-183.0
-187.0
-159.0
-170.0
-192.0
-199.0
-175.0
-192.0
-179.0
-185.5
-168.5
-194.0
-195.0
-177.5
-198.5
-191.5
-193.5
-200.0
-191.5
-168.5
-205.0
-180.0
-168.5
-182.5
-183.5
-196.0
-179.5
-227.0
-190.0
-172.0
-174.5
-184.0
-185.0
-190.0
-180.5
-154.0
-165.0
-168.5
-195.0
-192.0
-169.5
-195.0
-181.5
-186.0
-182.5
-162.5
-147.0
-179.5
-174.0
-187.0
-155.5
-196.5
-181.5
-173.5
-181.5
-160.5
-180.5
-209.0
-170.5
-178.0
-198.5
-195.0
-181.5
-162.0
-162.5
-182.5
-189.5
-173.5
-194.0
-180.5
-174.5
-189.0
-182.0
-199.0
-185.5
-188.0
-188.0
-175.0
-182.5
-183.5
-190.5
-170.0
-193.5
-166.5
-175.0
-206.0
-175.5
-162.5
-199.5
-166.5
-171.0
-192.0
-165.5
-200.5
-190.5
-195.5
-192.0
-161.0
-181.5
-185.5
-152.5
-163.5
-179.5
-190.0
-171.5
-197.5
-202.5
-177.5
-206.0
-178.0
-172.5
-161.5
-203.5
-190.5
-182.5
-168.0
-183.0
-181.5
-177.5
-189.5
-166.5
-174.5
-224.0
-178.5
-194.0
-194.5
-183.5
-185.5
-183.5
-201.5
-189.5
-184.5
-177.0
-190.0
-169.5
-179.5
-166.5
-213.5
-184.5
-181.5
-161.5
-208.5
-195.5
-159.5
-177.5
-167.0
-174.0
-165.0
-217.5
-178.5
-183.5
-187.0
-175.5
-170.0
-172.5
-172.5
-156.5
-174.0
-176.0
-209.5
-200.5
-170.5
-183.0
-199.0
-168.0
-188.0
-189.5
-151.0
-184.0
-175.5
-179.5
-197.0
-178.0
-186.5
-180.5
-176.0
-175.5
-165.5
-141.5
-183.5
-172.0
-172.5
-179.0
-186.5
-186.0
-163.5
-172.5
-178.5
-197.5
-211.0
-187.0
-189.0
-181.0
-181.5
-174.0
-180.5
-165.0
-191.0
-159.0
-176.0
-185.5
-196.0
-201.0
-168.5
-181.5
-194.0
-179.5
-176.5
-170.5
-186.5
-177.0
-177.5
-168.5
-186.0
-199.0
-169.5
-216.5
-198.0
-160.0
-156.5
-191.0
-187.5
-180.5
-204.0
-187.0
-172.5
-178.5
-176.0
-175.0
-218.0
-185.0
-177.0
-198.5
-189.0
-169.5
-201.5
-190.0
-177.5
-187.0
-186.5
-201.0
-158.0
-194.5
-176.0
-176.5
-207.5
-172.0
-196.0
-182.5
-191.0
-174.5
-177.5
-199.0
-168.5
-181.0
-202.0
-190.5
-181.5
-181.5
-187.5
-204.0
-189.5
-157.5
-182.0
-166.5
-183.0
-201.5
-193.5
-172.5
-188.5
-172.0
-170.0
-195.5
-171.0
-160.0
-168.5
-173.5
-174.5
-168.5
-166.0
-189.5
-172.5
-186.5
-176.0
-179.5
-183.5
-182.5
-187.0
-200.0
-173.0
-194.0
-191.5
-181.5
-166.0
-177.0
-157.0
-163.0
-204.5
-181.5
-191.5
-176.5
-182.0
-198.5
-173.5
-156.0
-188.5
-183.0
-177.0
-184.0
-185.5
-184.0
-197.0
-165.5
-173.0
-198.0
-191.5
-213.0
-173.0
-191.0
-179.5
-200.0
-166.0
-190.0
-169.0
-174.5
-181.0
-187.5
-182.5
-166.5
-178.5
-182.0
-188.0
-218.0
-191.5
-209.0
-200.0
-174.0
-177.0
-179.0
-190.0
-206.0
-195.0
-222.0
-178.5
-174.0
-168.5
-196.5
-196.5
-153.5
-193.5
-172.5
-202.0
-195.0
-196.5
-196.0
-164.0
-204.0
-174.5
-208.0
-176.5
-178.5
-169.5
-192.0
-202.0
-191.5
-188.0
-191.5
-168.0
-196.5
-190.5
-192.0
-204.5
-183.0
-192.5
-194.0
-168.0
-174.0
-186.5
-173.0
-179.5
-186.5
-177.5
-174.0
-167.0
-177.5
-171.5
-168.5
-161.0
-194.5
-178.0
-179.0
-205.5
-190.5
-183.5
-161.5
-191.0
-191.5
-186.5
-176.5
-200.5
-183.0
-179.5
-177.5
-184.5
-196.5
-172.5
-164.5
-191.5
-175.0
-179.0
-165.5
-209.0
-177.5
-193.0
-180.5
-181.0
-166.5
-197.0
-177.0
-166.5
-174.0
-169.5
-195.0
-171.0
-180.0
-207.5
-206.5
-180.5
-186.5
-210.0
-179.0
-197.0
-184.0
-176.0
-220.0
-193.0
-177.0
-190.0
-199.0
-165.5
-173.5
-190.5
-195.5
-205.0
-185.0
-163.0
-190.0
-178.5
-172.0
-210.5
-200.0
-159.5
-200.0
-185.0
-181.5
-190.5
-201.5
-179.0
-195.5
-205.0
-179.5
-201.5
-182.0
-176.0
-188.0
-193.5
-168.5
-181.0
-179.0
-186.5
-162.5
-183.5
-183.5
-198.5
-176.0
-179.0
-191.5
-163.5
-178.5
-179.5
-160.5
-188.0
-190.0
-198.0
-185.0
-172.5
-167.0
-174.5
-194.5
-203.0
-190.0
-178.5
-174.5
-178.0
-167.5
-198.0
-190.5
-191.0
-182.0
-189.0
-196.5
-208.5
-176.0
-183.0
-179.5
-192.0
-171.0
-191.0
-165.5
-189.5
-181.5
-189.5
-193.0
-158.0
-194.0
-199.5
-177.5
-183.5
-169.0
-164.0
-177.5
-186.0
-176.0
-199.0
-186.5
-200.0
-194.0
-171.0
-155.0
-175.0
-166.5
-173.5
-172.0
-181.5
-201.5
-148.0
-195.0
-189.5
-185.5
-196.5
-182.0
-162.0
-173.0
-202.0
-189.5
-215.0
-183.0
-185.5
-178.5
-194.5
-175.5
-195.5
-165.0
-196.5
-166.5
-189.0
-231.5
-171.5
-165.0
-185.0
-197.5
-206.5
-184.0
-191.5
-178.0
-202.5
-203.0
-172.5
-183.0
-219.0
-181.5
-193.5
-173.5
-176.0
-186.0
-183.0
-192.0
-187.5
-193.5
-176.5
-190.0
-181.0
-176.0
-176.0
-178.5
-181.5
-197.0
-188.0
-195.0
-165.0
-200.0
-178.5
-164.0
-178.5
-184.5
-176.5
-187.5
-213.5
-178.0
-179.0
-171.5
-163.0
-181.0
-183.5
-175.5
-198.5
-177.5
-188.5
-201.0
-164.5
-196.0
-159.0
-179.5
-183.5
-182.0
-200.0
-203.5
-180.0
-183.0
-172.5
-180.0
-175.5
-167.5
-200.5
-181.0
-195.0
-185.0
-185.0
-170.5
-174.5
-189.0
-187.0
-194.0
-183.5
-181.5
-162.5
-207.0
-188.0
-194.5
-171.5
-159.0
-191.5
-179.0
-180.0
-189.0
-177.5
-199.5
-170.0
-171.5
-188.0
-231.5
-169.5
-204.5
-188.0
-171.0
-174.5
-183.0
-186.0
-195.0
-205.5
-179.5
-153.0
-210.0
-180.0
-187.0
-195.0
-180.0
-196.0
-179.5
-190.5
-188.5
-171.5
-183.5
-176.0
-180.5
-197.5
-177.5
-183.5
-171.0
-187.0
-182.0
-144.5
-163.5
-171.5
-173.0
-183.0
-193.5
-164.0
-188.0
-190.5
-178.0
-171.0
-165.0
-189.5
-169.0
-175.0
-200.0
-190.0
-174.5
-191.0
-157.5
-196.5
-143.0
-182.0
-181.5
-187.5
-227.0
-191.0
-189.5
-177.5
-183.0
-206.5
-193.0
-199.5
-174.0
-193.5
-157.5
-175.5
-174.5
-188.0
-189.0
-184.0
-193.5
-153.0
-163.0
-192.5
-184.0
-217.5
-165.0
-174.5
-195.5
-197.0
-165.0
-166.5
-168.0
-159.5
-200.0
-176.5
-171.0
-178.5
-170.5
-193.0
-173.5
-188.0
-180.0
-185.0
-205.5
-168.5
-180.0
-170.5
-198.5
-189.5
-201.0
-154.5
-204.5
-183.5
-168.5
-226.0
-194.0
-179.0
-190.0
-197.5
-195.5
-195.5
-185.5
-180.0
-192.5
-187.5
-185.5
-176.0
-187.5
-142.5
-174.5
-202.0
-199.0
-181.0
-175.0
-197.5
-192.5
-165.5
-158.5
-163.0
-182.0
-177.0
-166.0
-186.5
-173.5
-179.5
-204.0
-204.5
-178.0
-166.5
-195.5
-194.0
-173.0
-191.0
-201.0
-181.5
-185.0
-179.5
-179.0
-194.5
-185.5
-181.0
-184.0
-150.0
-190.5
-181.0
-190.5
-203.0
-196.0
-193.5
-181.5
-199.0
-200.5
-207.5
-189.0
-183.0
-182.0
-203.0
-201.5
-200.0
-183.0
-178.0
-198.0
-176.5
-165.5
-165.0
-221.5
-184.0
-192.5
-186.0
-199.5
-190.0
-172.5
-172.5
-197.0
-198.0
-178.0
-193.5
-181.0
-189.0
-199.5
-188.5
-145.0
-188.0
-187.5
-184.0
-162.5
-176.0
-180.0
-184.0
-175.0
-189.0
-187.0
-206.0
-174.0
-182.5
-191.5
-178.0
-172.5
-180.5
-187.0
-173.5
-174.0
-184.5
-213.0
-172.0
-171.5
-171.5
-210.0
-179.5
-183.5
-191.0
-187.0
-206.0
-176.5
-177.5
-185.0
-180.0
-180.5
-194.0
-183.5
-178.5
-166.5
-169.5
-190.0
-186.0
-164.5
-174.0
-161.5
-181.5
-193.5
-214.0
-183.5
-182.0
-216.0
-182.5
-173.5
-184.5
-189.0
-188.5
-195.0
-163.5
-183.0
-160.5
-173.0
-178.0
-198.5
-164.5
-196.5
-166.5
-202.0
-169.0
-195.5
-173.5
-165.0
-226.0
-190.5
-199.5
-199.5
-193.5
-196.0
-191.0
-209.5
-184.0
-170.0
-174.5
-190.0
-181.0
-205.5
-187.5
-202.5
-220.5
-161.0
-190.0
-188.0
-166.0
-172.5
-180.0
-181.5
-190.5
-198.0
-188.0
-171.0
-173.5
-178.5
-180.5
-196.0
-199.5
-185.5
-171.5
-185.5
-185.0
-179.0
-188.0
-187.5
-174.5
-201.0
-180.0
-190.0
-190.5
-180.5
-180.0
-178.0
-158.5
-195.0
-191.0
-162.5
-190.5
-187.0
-190.5
-185.0
-195.0
-198.5
-192.5
-171.0
-193.0
-174.0
-186.5
-175.5
-170.0
-177.5
-194.0
-177.0
-176.5
-170.0
-186.5
-211.0
-183.0
-172.5
-171.0
-196.5
-173.0
-160.5
-199.0
-171.5
-200.5
-197.5
-175.5
-185.5
-189.0
-190.0
-204.0
-210.5
-198.0
-170.0
-183.5
-184.0
-185.0
-205.5
-197.0
-165.5
-171.5
-189.0
-179.0
-193.5
-205.5
-158.0
-194.0
-173.5
-188.0
-197.0
-200.5
-168.0
-184.0
-173.0
-185.5
-194.5
-179.5
-175.0
-189.0
-189.5
-156.5
-174.0
-139.5
-154.5
-215.0
-153.0
-178.5
-183.5
-174.5
-207.0
-188.0
-199.0
-193.5
-203.5
-196.0
-174.5
-177.0
-203.0
-198.0
-189.5
-199.5
-195.5
-180.5
-175.0
-189.5
-207.5
-168.5
-181.5
-162.0
-187.5
-148.5
-177.0
-175.5
-152.5
-178.5
-170.0
-192.0
-187.5
-184.0
-165.0
-182.0
-167.5
-172.0
-175.0
-199.5
-187.0
-184.0
-176.0
-196.5
-190.5
-187.0
-191.5
-178.5
-172.0
-167.5
-202.0
-169.0
-188.5
-204.0
-199.0
-187.0
-142.5
-186.5
-180.5
-185.5
-195.5
-175.0
-187.0
-167.5
-192.0
-181.5
-192.5
-153.5
-188.0
-187.0
-184.5
-185.0
-197.0
-175.0
-193.0
-176.0
-176.5
-214.5
-182.5
-172.0
-189.5
-182.0
-178.5
-191.0
-189.0
-180.5
-154.0
-175.0
-206.0
-166.5
-186.5
-204.5
-209.5
-170.5
-171.0
-189.0
-180.0
-180.0
-170.0
-196.0
-211.5
-177.0
-171.0
-176.5
-177.5
-188.0
-198.5
-209.5
-170.0
-185.5
-183.5
-179.5
-210.0
-187.0
-187.0
-163.0
-158.0
-180.0
-164.0
-206.0
-189.0
-189.0
-191.5
-173.5
-168.5
-181.0
-170.5
-171.0
-191.0
-185.0
-200.0
-194.0
-194.0
-194.5
-165.5
-154.0
-163.5
-195.0
-186.5
-154.0
-182.5
-168.0
-185.0
-196.0
-212.5
-166.0
-186.5
-186.5
-182.5
-182.0
-189.0
-182.5
-175.5
-161.5
-177.0
-190.0
-207.0
-167.5
-180.0
-190.0
-187.0
-181.0
-169.5
-159.5
-189.0
-174.5
-191.5
-171.0
-168.0
-201.0
-166.5
-173.5
-213.0
-177.5
-150.0
-188.5
-168.0
-162.5
-165.5
-169.5
-180.0
-182.0
-188.5
-181.0
-194.0
-188.0
-172.0
-190.5
-206.5
-187.0
-170.0
-175.0
-190.0
-197.5
-197.0
-212.0
-152.5
-175.0
-184.5
-178.5
-181.0
-175.0
-142.5
-197.5
-176.0
-181.0
-183.0
-189.5
-171.5
-185.0
-200.0
-181.5
-170.5
-175.5
-184.5
-198.5
-170.0
-182.5
-207.0
-178.5
-187.5
-208.0
-184.5
-187.5
-173.5
-153.5
-185.0
-198.0
-201.5
-202.0
-196.5
-177.0
-176.5
-164.5
-163.5
-174.5
-170.0
-198.0
-199.5
-187.5
-197.5
-215.0
-157.5
-193.0
-183.0
-197.0
-168.0
-184.0
-189.0
-177.5
-201.5
-191.0
-187.5
-160.0
-229.5
-178.0
-163.5
-202.5
-194.0
-220.5
-175.0
-172.0
-182.0
-201.0
-178.5
-170.0
-177.0
-176.0
-199.0
-193.5
-166.0
-174.5
-184.5
-190.5
-207.5
-193.5
-176.0
-188.5
-178.0
-188.0
-184.5
-186.5
-198.5
-163.0
-192.0
-184.5
-197.0
-159.5
-180.0
-211.0
-183.0
-159.0
-188.5
-174.0
-199.5
-196.0
-187.0
-172.5
-174.0
-187.0
-193.5
-175.0
-181.5
-158.0
-218.0
-172.5
-195.0
-185.0
-194.0
-155.5
-185.5
-205.5
-206.5
-185.0
-168.5
-207.0
-191.0
-187.0
-191.0
-163.5
-174.5
-191.5
-192.0
-178.5
-168.0
-171.5
-175.5
-189.0
-178.0
-174.0
-199.0
-173.5
-201.5
-201.5
-193.5
-177.0
-218.0
-168.5
-179.0
-180.0
-179.0
-176.5
-168.5
-213.0
-208.5
-153.0
-170.0
-199.0
-194.5
-210.0
-203.5
-208.5
-180.5
-204.0
-210.0
-190.0
-192.0
-169.5
-188.5
-193.0
-190.0
-196.0
-157.0
-193.5
-157.5
-156.5
-227.0
-188.5
-186.0
-169.5
-176.5
-218.5
-195.5
-166.5
-191.5
-185.5
-179.0
-192.0
-201.5
-189.5
-170.5
-182.5
-186.0
-165.0
-176.5
-170.0
-176.0
-174.5
-175.5
-204.5
-169.5
-186.0
-207.0
-183.5
-195.5
-204.0
-213.0
-188.5
-203.0
-179.0
-167.5
-206.0
-171.5
-192.5
-173.5
-172.5
-199.5
-170.0
-194.0
-163.5
-194.0
-152.0
-172.5
-180.5
-174.0
-186.5
-198.5
-185.5
-187.5
-159.5
-168.0
-167.0
-211.5
-168.5
-185.5
-175.0
-181.5
-175.5
-186.0
-161.5
-164.0
-186.0
-170.0
-170.0
-185.0
-174.0
-183.5
-179.5
-168.5
-171.5
-169.5
-162.5
-175.0
-162.0
-171.5
-197.5
-168.0
-198.0
-162.0
-205.5
-144.5
-192.5
-203.0
-181.0
-183.0
-175.0
-174.5
-192.5
-175.5
-184.5
-154.5
-171.0
-208.5
-191.5
-194.5
-178.0
-175.5
-189.5
-175.0
-174.0
-178.5
-176.5
-180.0
-172.0
-176.5
-166.0
-172.0
-193.0
-184.0
-200.0
-156.0
-192.0
-181.5
-176.5
-168.0
-157.0
-172.5
-185.5
-190.5
-166.0
-183.0
-182.0
-193.0
-198.0
-191.0
-168.0
-172.5
-177.0
-194.5
-186.0
-192.5
-188.0
-180.0
-186.5
-206.0
-175.0
-182.5
-211.5
-188.5
-191.5
-185.5
-177.5
-157.0
-183.0
-189.0
-187.0
-209.0
-182.5
-170.0
-149.5
-185.5
-196.5
-165.5
-183.0
-192.0
-180.5
-209.5
-183.5
-194.0
-184.5
-178.0
-189.5
-176.5
-170.0
-153.5
-182.5
-184.0
-178.0
-172.0
-212.0
-197.0
-192.0
-167.0
-183.0
-166.0
-186.5
-201.0
-200.0
-177.0
-178.0
-175.0
-189.5
-173.0
-203.5
-200.5
-165.0
-172.5
-193.5
-197.5
-178.0
-188.5
-197.5
-184.0
-205.0
-181.5
-199.0
-194.5
-162.0
-163.0
-171.5
-178.5
-191.0
-154.5
-200.0
-165.5
-192.5
-193.5
-172.5
-150.5
-203.0
-194.0
-159.5
-176.0
-186.5
-210.0
-165.5
-161.5
-174.0
-195.0
-191.5
-180.5
-167.0
-175.5
-188.5
-169.5
-189.5
-169.0
-178.5
-193.0
-174.5
-195.0
-191.0
-186.5
-191.0
-186.5
-179.0
-208.0
-185.5
-174.5
-181.5
-181.0
-172.5
-170.5
-164.0
-176.5
-167.0
-187.5
-179.0
-182.5
-189.0
-180.5
-181.0
-183.0
-182.5
-170.5
-177.5
-196.5
-167.0
-182.5
-163.0
-201.5
-171.0
-182.0
-178.0
-175.0
-170.0
-196.0
-204.0
-161.0
-191.0
-170.5
-194.0
-206.5
-149.0
-210.0
-196.5
-174.5
-173.0
-194.5
-171.0
-185.5
-188.5
-187.0
-188.5
-164.0
-186.0
-169.5
-169.5
-176.0
-197.0
-164.0
-174.0
-191.5
-177.5
-185.5
-175.5
-182.0
-183.0
-192.0
-192.0
-190.5
-185.0
-155.5
-174.5
-176.0
-195.5
-160.0
-184.5
-183.5
-179.5
-199.5
-149.0
-206.0
-181.5
-188.5
-205.5
-181.0
-171.5
-166.5
-177.5
-202.5
-202.5
-169.5
-203.0
-196.0
-187.0
-163.5
-178.5
-186.5
-185.0
-170.5
-185.5
-177.0
-185.5
-184.5
-164.0
-163.0
-170.0
-194.5
-162.5
-189.5
-180.5
-190.0
-163.5
-216.0
-192.5
-197.0
-179.5
-169.0
-197.5
-221.0
-206.0
-193.0
-189.5
-162.0
-173.0
-172.5
-201.0
-169.5
-165.5
-176.0
-195.5
-192.0
-162.5
-184.0
-182.5
-202.0
-205.0
-168.0
-179.0
-170.5
-166.5
-190.0
-183.0
-183.0
-173.0
-203.0
-179.0
-197.0
-165.5
-164.5
-201.5
-184.0
-195.5
-156.0
-183.0
-183.0
-171.5
-179.0
-191.5
-182.5
-173.5
-202.5
-200.0
-193.0
-189.0
-161.5
-155.0
-197.5
-177.0
-174.5
-192.0
-208.5
-178.0
-174.5
-167.0
-177.5
-176.0
-217.0
-187.5
-190.5
-177.5
-200.5
-197.0
-178.0
-189.0
-186.5
-173.5
-175.5
-177.5
-195.5
-166.0
-162.0
-180.5
-220.0
-175.5
-179.5
-208.5
-214.5
-158.5
-196.0
-175.5
-136.5
-163.5
-185.5
-176.5
-178.5
-196.0
-181.0
-179.5
-184.5
-162.0
-163.0
-163.0
-198.0
-175.0
-183.0
-165.0
-195.0
-167.5
-216.5
-205.0
-175.0
-174.0
-181.5
-204.5
-187.5
-209.0
-172.0
-182.5
-200.0
-183.0
-189.0
-196.5
-181.0
-198.5
-169.0
-189.5
-179.5
-174.0
-170.0
-198.0
-175.5
-211.0
-166.0
-196.0
-201.0
-191.5
-195.0
-165.0
-208.0
-205.0
-182.0
-193.5
-198.0
-170.5
-193.5
-190.5
-172.0
-168.0
-207.0
-189.5
-182.0
-178.0
-184.0
-199.5
-165.0
-169.5
-202.0
-196.5
-184.5
-200.5
-194.0
-197.5
-197.0
-186.0
-228.5
-182.0
-185.5
-175.5
-184.0
-210.5
-182.0
-195.5
-157.0
-179.5
-193.0
-176.0
-182.0
-189.5
-174.5
-165.0
-199.0
-212.0
-183.0
-168.5
-170.5
-191.5
-199.5
-166.0
-177.0
-166.0
-199.5
-217.5
-195.5
-176.0
-191.5
-187.5
-203.0
-192.0
-182.0
-176.5
-167.5
-196.5
-170.5
-172.0
-180.5
-193.5
-183.5
-164.5
-163.5
-179.0
-173.0
-178.5
-189.5
-189.0
-166.0
-178.0
-156.5
-211.0
-202.5
-176.0
-184.0
-197.0
-178.0
-187.0
-168.5
-164.0
-172.0
-172.5
-175.5
-178.5
-183.0
-196.5
-204.0
-195.5
-171.5
-155.0
-180.5
-174.5
-164.0
-194.5
-150.5
-188.5
-180.0
-182.5
-196.5
-188.0
-161.5
-195.5
-179.5
-169.0
-166.5
-201.5
-177.0
-197.0
-194.5
-183.5
-182.0
-219.5
-180.0
-147.5
-191.5
-182.0
-176.0
-192.0
-193.0
-166.0
-188.5
-205.0
-186.0
-186.0
-194.0
-185.5
-214.5
-196.5
-203.5
-180.5
-162.5
-211.0
-187.0
-176.0
-195.5
-177.0
-163.0
-168.0
-186.0
-169.5
-173.5
-179.5
-183.0
-167.0
-190.0
-172.5
-189.0
-200.0
-190.0
-178.5
-184.5
-162.0
-165.5
-176.0
-188.0
-182.0
-167.0
-176.5
-189.0
-214.5
-193.0
-183.0
-174.0
-184.5
-183.5
-193.0
-183.5
-184.5
-174.0
-184.5
-183.0
-175.0
-194.5
-183.0
-154.5
-186.0
-174.5
-174.5
-199.5
-193.0
-180.5
-182.0
-197.0
-172.5
-203.0
-173.0
-193.5
-193.5
-182.5
-224.0
-205.0
-185.0
-174.5
-173.0
-170.5
-200.0
-171.0
-158.5
-179.0
-197.0
-198.0
-181.0
-170.0
-167.0
-186.0
-165.0
-179.0
-192.5
-177.5
-188.5
-167.0
-202.0
-166.0
-193.0
-194.0
-199.0
-185.0
-186.0
-201.5
-179.0
-192.0
-210.0
-160.0
-176.0
-188.5
-185.5
-173.5
-173.0
-197.0
-177.5
-172.0
-174.0
-170.5
-185.5
-186.0
-197.5
-184.0
-166.0
-161.5
-165.0
-186.0
-178.5
-168.0
-185.5
-167.5
-190.5
-206.5
-186.5
-178.0
-175.0
-202.0
-210.5
-180.0
-185.0
-190.5
-197.0
-192.0
-162.0
-207.0
-200.5
-190.5
-188.0
-203.0
-185.5
-175.0
-157.0
-189.5
-183.5
-175.0
-196.5
-204.0
-182.5
-194.0
-198.5
-203.0
-197.5
-202.0
-191.5
-186.0
-186.5
-192.5
-173.0
-181.5
-196.5
-181.0
-187.5
-184.0
-192.0
-177.5
-173.5
-174.5
-181.0
-174.5
-188.0
-192.0
-157.5
-162.5
-192.0
-183.0
-176.5
-174.5
-185.0
-206.0
-171.0
-178.5
-165.5
-191.5
-172.0
-190.0
-197.0
-217.5
-197.0
-153.5
-197.5
-177.5
-188.0
-169.0
-161.0
-176.0
-153.0
-199.5
-194.5
-179.5
-199.5
-187.0
-176.0
-184.0
-189.0
-189.0
-186.0
-174.0
-169.0
-182.0
-173.0
-174.0
-188.0
-181.5
-190.0
-191.0
-164.0
-189.0
-164.0
-198.5
-162.0
-181.5
-165.0
-172.5
-158.5
-173.0
-193.5
-193.5
-201.5
-178.5
-179.0
-219.0
-182.5
-186.5
-172.0
-175.5
-156.5
-178.5
-195.0
-185.5
-188.5
-178.5
-194.0
-204.0
-186.0
-174.5
-175.0
-203.5
-176.0
-188.0
-177.0
-189.5
-211.5
-191.5
-194.0
-172.0
-185.0
-197.5
-156.0
-200.5
-164.0
-163.5
-178.0
-177.5
-187.5
-186.5
-178.0
-174.0
-188.0
-161.0
-205.0
-160.0
-166.0
-148.5
-176.0
-169.0
-185.5
-147.5
-177.5
-186.0
-196.0
-176.0
-177.5
-195.5
-159.5
-155.0
-180.0
-163.0
-188.0
-178.5
-201.0
-156.5
-203.0
-172.0
-171.0
-205.5
-181.0
-201.0
-176.5
-190.5
-177.5
-162.0
-148.5
-159.5
-165.5
-184.0
-167.0
-184.5
-197.0
-198.5
-195.0
-163.5
-193.0
-165.0
-185.5
-188.0
-185.0
-173.0
-187.5
-187.5
-211.0
-175.5
-186.5
-211.5
-151.5
-201.5
-192.0
-178.0
-169.5
-190.5
-197.0
-173.5
-203.5
-194.5
-182.0
-195.0
-199.0
-188.0
-142.5
-169.0
-195.5
-192.5
-186.0
-195.5
-178.0
-175.0
-168.5
-181.0
-176.5
-170.5
-211.0
-173.5
-149.0
-166.0
-185.5
-172.0
-160.5
-181.5
-193.0
-184.0
-205.0
-186.0
-166.5
-171.0
-203.5
-167.0
-162.0
-195.0
-220.5
-162.5
-187.5
-157.0
-214.0
-178.5
-173.0
-202.0
-172.5
-184.0
-163.0
-166.5
-185.0
-170.5
-187.0
-185.0
-178.5
-183.0
-170.5
-173.0
-178.0
-196.0
-179.5
-191.5
-181.5
-167.0
-168.5
-186.0
-200.0
-189.0
-170.5
-152.5
-202.0
-200.0
-150.5
-195.5
-192.5
-189.0
-211.5
-183.5
-180.5
-203.5
-173.5
-186.0
-196.5
-193.0
-175.5
-190.0
-184.5
-189.5
-155.0
-171.0
-181.0
-173.5
-200.0
-186.0
-196.0
-191.0
-189.5
-193.5
-189.0
-196.5
-180.0
-193.0
-182.5
-181.5
-189.0
-163.0
-200.5
-178.0
-179.0
-175.5
-190.0
-194.0
-176.5
-185.0
-179.5
-184.0
-189.0
-187.5
-186.5
-180.5
-163.0
-196.0
-179.5
-181.5
-160.0
-174.0
-165.5
-190.0
-185.0
-197.5
-198.0
-177.0
-167.5
-155.0
-200.0
-190.0
-205.5
-180.5
-182.5
-180.0
-189.5
-181.0
-189.0
-180.0
-167.0
-209.5
-176.0
-178.0
-172.0
-186.0
-187.0
-160.5
-196.5
-163.5
-181.5
-182.5
-204.5
-166.5
-195.0
-177.5
-175.5
-177.0
-172.5
-184.0
-178.5
-184.0
-192.5
-179.0
-187.0
-200.0
-188.5
-196.5
-181.5
-203.5
-197.5
-214.0
-144.5
-189.0
-184.5
-182.5
-182.0
-183.0
-173.5
-189.5
-205.0
-185.5
-182.5
-202.5
-161.5
-192.0
-183.5
-168.0
-185.0
-194.0
-174.0
-188.0
-166.5
-195.0
-190.0
-168.5
-204.5
-162.5
-182.0
-171.0
-157.5
-187.0
-207.5
-169.5
-172.5
-157.5
-193.5
-190.0
-159.5
-171.0
-188.0
-203.5
-170.5
-172.0
-182.5
-195.5
-201.5
-201.0
-177.0
-171.5
-172.5
-186.0
-196.0
-173.5
-177.0
-169.0
-180.0
-166.0
-188.0
-166.5
-186.0
-195.0
-190.0
-167.5
-191.0
-192.0
-178.5
-163.5
-194.0
-184.0
-173.0
-174.5
-169.0
-208.5
-155.0
-204.5
-203.0
-161.5
-170.0
-163.0
-189.5
-189.5
-170.0
-178.5
-172.5
-172.0
-202.0
-216.0
-186.0
-170.5
-215.5
-175.0
-179.5
-187.0
-197.5
-154.0
-187.5
-151.5
-148.0
-171.0
-169.0
-189.0
-167.0
-205.0
-177.0
-185.0
-186.5
-188.5
-181.0
-184.5
-165.5
-191.0
-194.5
-196.5
-158.0
-201.0
-182.0
-188.5
-162.0
-193.0
-165.0
-212.0
-190.0
-195.0
-187.5
-198.5
-185.0
-191.0
-195.0
-201.5
-198.5
-176.5
-169.0
-182.5
-188.0
-189.0
-174.5
-189.0
-174.5
-199.5
-207.5
-163.5
-166.5
-166.5
-214.5
-180.0
-173.0
-178.0
-192.0
-182.5
-195.5
-186.5
-179.5
-221.5
-151.0
-189.5
-182.0
-202.0
-182.0
-175.5
-157.5
-177.0
-179.0
-179.5
-175.5
-180.5
-183.0
-175.0
-172.5
-161.0
-182.0
-200.0
-170.0
-177.0
-178.0
-175.0
-179.5
-177.0
-196.0
-183.0
-178.0
-177.0
-198.5
-197.0
-207.0
-203.5
-156.0
-186.5
-190.0
-171.0
-194.0
-180.5
-189.0
-173.5
-201.0
-177.5
-157.5
-188.0
-188.5
-179.5
-196.0
-165.5
-152.5
-221.5
-216.5
-197.5
-200.5
-187.0
-212.5
-203.5
-193.0
-164.0
-185.0
-180.0
-180.0
-162.0
-158.5
-180.0
-168.0
-168.5
-198.5
-193.5
-196.0
-188.0
-190.5
-141.0
-171.0
-166.5
-178.0
-186.5
-203.5
-196.5
-165.0
-171.5
-197.5
-172.5
-223.0
-180.5
-186.0
-199.0
-196.5
-181.5
-176.0
-186.5
-172.5
-165.0
-174.0
-169.5
-217.5
-184.5
-172.5
-180.5
-159.5
-169.0
-169.5
-178.0
-198.0
-161.5
-179.5
-176.0
-173.0
-207.5
-192.0
-166.5
-201.5
-195.5
-171.5
-193.5
-183.5
-169.0
-200.5
-175.0
-164.5
-167.5
-153.5
-189.5
-178.5
-203.5
-175.5
-182.5
-194.5
-182.0
-168.5
-191.0
-170.0
-187.5
-179.0
-150.0
-220.0
-172.5
-165.0
-164.5
-193.5
-184.0
-172.5
-200.5
-174.5
-186.5
-196.5
-170.0
-183.5
-195.5
-169.5
-177.0
-188.5
-177.0
-183.5
-174.5
-183.5
-198.5
-162.0
-181.0
-182.0
-191.0
-193.0
-188.5
-178.5
-207.0
-181.0
-175.0
-169.5
-172.5
-189.5
-201.5
-200.5
-196.5
-155.5
-193.5
-165.5
-180.5
-202.0
-179.5
-192.5
-188.0
-204.0
-212.0
-165.5
-168.5
-194.5
-182.0
-194.5
-195.0
-185.0
-210.5
-164.5
-171.0
-200.5
-179.5
-217.5
-190.5
-200.0
-178.0
-156.5
-193.5
-197.0
-192.5
-199.0
-185.0
-194.5
-162.0
-164.5
-200.5
-187.5
-193.5
-185.0
-184.0
-196.5
-211.0
-193.0
-186.5
-174.5
-174.5
-176.0
-205.5
-168.5
-173.0
-187.0
-200.0
-206.0
-171.5
-188.5
-157.0
-192.5
-170.5
-197.0
-182.0
-189.5
-185.5
-200.5
-196.0
-205.0
-169.5
-179.5
-185.0
-176.5
-185.5
-180.0
-182.0
-178.5
-178.5
-182.0
-202.0
-204.5
-203.5
-176.5
-182.0
-189.0
-178.0
-186.0
-174.0
-160.5
-159.0
-185.5
-184.0
-145.5
-154.0
-169.0
-171.0
-176.5
-181.0
-154.5
-166.0
-181.5
-190.0
-193.5
-241.0
-180.0
-191.5
-172.5
-175.5
-174.5
-193.0
-158.5
-184.5
-174.0
-165.5
-180.0
-155.0
-187.5
-194.5
-205.5
-162.0
-157.5
-177.0
-208.0
-189.0
-198.0
-170.5
-189.5
-169.5
-176.5
-153.0
-192.0
-182.5
-193.5
-166.5
-195.0
-164.0
-173.5
-171.5
-191.5
-185.0
-181.0
-159.0
-184.0
-189.5
-182.0
-192.0
-178.5
-187.5
-190.0
-156.0
-206.0
-203.5
-185.5
-197.0
-197.0
-187.0
-179.5
-188.5
-207.0
-177.0
-199.0
-165.0
-152.5
-135.5
-181.0
-154.5
-183.5
-165.0
-193.5
-184.5
-186.5
-158.0
-201.0
-189.5
-186.0
-164.5
-174.5
-176.0
-186.5
-175.0
-178.0
-179.5
-193.5
-171.5
-181.5
-195.5
-178.5
-191.5
-187.0
-190.0
-152.5
-184.0
-196.0
-185.5
-180.5
-226.5
-165.5
-201.5
-193.5
-166.5
-183.0
-209.5
-186.0
-187.5
-184.0
-178.0
-186.5
-186.5
-193.0
-186.5
-193.5
-180.5
-188.0
-170.5
-220.0
-176.5
-171.5
-169.0
-215.0
-189.5
-176.5
-182.0
-192.5
-167.0
-161.0
-178.0
-189.5
-200.5
-183.0
-164.0
-157.0
-203.0
-164.5
-207.0
-181.5
-217.0
-168.0
-193.5
-162.5
-165.5
-165.0
-167.5
-189.5
-186.5
-187.5
-180.0
-185.0
-181.0
-181.0
-175.0
-172.0
-204.5
-170.5
-163.5
-187.0
-172.0
-194.0
-191.0
-174.5
-177.0
-165.0
-160.5
-189.0
-190.5
-151.5
-171.0
-204.0
-153.5
-182.0
-168.0
-197.0
-180.0
-209.0
-180.0
-193.0
-208.0
-197.5
-194.5
-217.5
-169.0
-162.0
-188.5
-185.5
-187.5
-196.0
-159.0
-178.0
-181.5
-184.5
-198.5
-180.5
-192.5
-195.0
-186.0
-187.5
-189.0
-188.0
-178.0
-190.0
-183.5
-194.5
-175.0
-175.5
-180.5
-190.5
-169.5
-175.0
-221.5
-209.5
-165.5
-171.0
-219.0
-193.0
-164.0
-180.0
-207.0
-185.5
-191.5
-170.5
-201.5
-200.5
-173.0
-177.0
-199.5
-202.0
-172.5
-161.5
-172.5
-158.0
-170.5
-163.5
-170.5
-181.5
-187.0
-212.5
-176.5
-184.5
-191.5
-186.5
-154.0
-178.5
-165.5
-167.5
-181.0
-187.0
-181.0
-176.0
-209.5
-182.5
-184.0
-186.0
-184.5
-187.0
-192.0
-180.5
-189.0
-163.0
-176.5
-163.5
-180.0
-179.5
-193.5
-154.0
-206.5
-196.0
-173.0
-215.0
-207.0
-195.0
-187.5
-184.5
-184.5
-145.0
-173.0
-174.0
-182.5
-184.5
-184.5
-180.5
-182.5
-156.0
-198.0
-186.5
-196.5
-173.5
-199.5
-160.5
-198.0
-189.0
-181.5
-175.0
-194.5
-177.5
-200.0
-175.5
-192.5
-200.0
-176.5
-188.0
-188.5
-180.5
-161.0
-167.0
-193.0
-177.5
-173.5
-176.0
-198.0
-199.5
-176.5
-189.0
-162.0
-197.5
-154.5
-159.5
-150.5
-175.0
-173.0
-178.5
-197.0
-199.0
-168.5
-157.5
-209.5
-164.5
-171.0
-187.5
-170.5
-169.5
-179.5
-171.5
-170.5
-192.0
-164.0
-170.5
-210.5
-187.5
-196.0
-186.5
-177.0
-162.5
-178.5
-168.0
-193.0
-167.5
-200.5
-198.5
-165.5
-167.5
-175.0
-175.5
-186.0
-193.0
-207.0
-169.5
-175.5
-168.5
-183.0
-180.5
-179.0
-182.0
-201.5
-189.0
-204.5
-192.0
-199.0
-168.5
-185.0
-197.0
-171.5
-180.5
-167.0
-197.0
-169.5
-172.5
-197.0
-190.0
-202.0
-183.0
-183.5
-182.0
-183.5
-177.0
-205.5
-166.0
-215.0
-221.5
-183.0
-189.5
-204.0
-179.5
-200.0
-165.5
-175.5
-196.5
-195.0
-189.0
-166.5
-189.0
-164.5
-196.5
-190.5
-186.0
-180.0
-162.0
-165.5
-195.5
-183.5
-155.5
-203.5
-192.0
-169.0
-203.0
-166.5
-184.5
-179.0
-172.0
-218.0
-174.0
-174.5
-188.0
-166.0
-168.5
-190.0
-211.0
-176.5
-160.0
-184.0
-192.5
-183.5
-178.0
-173.5
-166.0
-169.5
-156.0
-180.0
-177.5
-178.5
-209.0
-171.0
-173.5
-169.5
-177.0
-176.0
-199.0
-202.0
-177.5
-185.0
-150.0
-184.0
-167.5
-187.5
-180.0
-193.5
-218.0
-182.5
-173.5
-205.0
-204.0
-192.0
-192.5
-183.0
-178.0
-190.0
-163.0
-183.0
-169.0
-190.0
-163.5
-189.5
-184.5
-180.0
-164.5
-175.0
-175.0
-192.0
-172.0
-159.0
-177.5
-185.0
-199.5
-175.5
-172.5
-209.0
-164.0
-204.5
-213.5
-174.5
-190.5
-183.5
-163.0
-199.0
-178.0
-175.0
-175.5
-188.0
-158.0
-191.0
-184.5
-172.5
-217.0
-181.5
-204.5
-169.0
-182.5
-181.5
-189.5
-187.0
-177.0
-169.5
-197.5
-173.5
-169.0
-198.5
-173.0
-157.0
-179.5
-212.0
-174.5
-185.5
-185.5
-205.5
-217.5
-181.0
-166.5
-161.0
-166.0
-151.5
-190.5
-195.5
-177.5
-199.0
-180.5
-179.5
-182.0
-194.5
-191.5
-193.5
-183.5
-189.0
-208.0
-181.5
-158.0
-185.5
-195.5
-175.5
-183.0
-194.5
-163.0
-180.5
-169.5
-194.5
-199.0
-181.5
-159.5
-209.0
-172.5
-230.5
-196.0
-200.0
-183.5
-191.5
-170.5
-181.5
-169.5
-173.0
-186.0
-156.0
-155.5
-173.5
-192.0
-182.5
-179.5
-207.0
-169.0
-168.5
-159.5
-179.0
-188.5
-178.5
-178.0
-183.5
-195.5
-194.0
-179.0
-192.5
-179.5
-169.5
-178.0
-173.5
-163.5
-185.0
-173.5
-199.5
-180.0
-179.0
-184.5
-178.5
-193.5
-187.0
-208.0
-177.5
-185.5
-171.5
-174.5
-183.0
-180.0
-181.5
-186.0
-179.5
-193.0
-171.5
-181.0
-198.5
-176.5
-187.5
-203.0
-194.0
-201.5
-170.5
-179.5
-157.5
-168.5
-171.0
-187.5
-195.5
-181.0
-168.5
-175.5
-209.5
-184.5
-186.5
-186.0
-178.0
-178.5
-172.0
-179.5
-167.0
-179.0
-197.0
-190.0
-202.0
-166.0
-180.5
-194.0
-192.0
-198.5
-183.5
-172.0
-190.0
-175.0
-162.5
-203.5
-180.5
-163.0
-204.0
-174.0
-178.0
-193.0
-184.5
-184.5
-196.0
-182.5
-202.0
-192.0
-187.0
-170.5
-207.0
-187.5
-179.0
-207.5
-171.5
-187.0
-214.5
-187.5
-190.5
-169.0
-175.5
-206.5
-178.5
-163.5
-195.5
-163.5
-177.0
-189.5
-162.0
-177.0
-194.5
-156.0
-159.5
-180.5
-190.0
-180.5
-206.0
-175.5
-181.5
-180.5
-179.0
-182.0
-186.5
-196.5
-200.0
-182.5
-193.0
-179.5
-188.0
-183.0
-189.0
-154.0
-176.0
-178.0
-184.0
-197.0
-187.0
-194.0
-228.5
-169.5
-196.5
-190.0
-192.5
-195.0
-177.0
-185.5
-188.5
-151.0
-174.5
-216.5
-182.0
-168.0
-182.5
-206.5
-155.5
-182.5
-198.5
-188.5
-188.0
-171.0
-206.0
-193.0
-180.5
-168.5
-177.5
-171.5
-198.5
-198.5
-184.0
-171.5
-183.5
-161.0
-183.5
-165.0
-183.0
-163.0
-189.5
-166.0
-187.5
-176.0
-183.5
-196.0
-169.5
-193.5
-187.5
-200.5
-174.5
-179.5
-170.0
-174.5
-199.5
-194.5
-154.0
-155.0
-181.5
-155.5
-162.0
-184.5
-174.0
-201.5
-181.0
-193.5
-197.0
-189.5
-167.0
-199.0
-182.0
-177.5
-178.5
-182.5
-208.5
-187.0
-198.5
-152.0
-154.0
-184.5
-187.0
-187.0
-177.5
-179.5
-173.5
-181.5
-158.5
-183.5
-173.5
-192.5
-176.5
-189.5
-186.5
-161.0
-186.5
-176.5
-191.0
-192.5
-193.0
-168.0
-198.0
-186.0
-161.5
-187.5
-207.0
-158.5
-177.5
-186.5
-187.0
-158.5
-164.5
-163.5
-167.0
-174.5
-184.0
-156.0
-169.0
-189.5
-189.0
-202.5
-192.0
-183.0
-168.5
-181.5
-195.0
-163.0
-181.0
-200.5
-172.0
-175.0
-202.5
-175.0
-185.0
-203.0
-191.0
-161.5
-169.5
-188.5
-184.5
-201.5
-170.5
-192.5
-184.5
-151.0
-176.5
-183.5
-199.5
-190.5
-171.5
-200.5
-180.0
-184.5
-156.5
-180.0
-189.5
-211.0
-207.5
-181.0
-183.0
-176.5
-197.0
-184.0
-165.0
-184.5
-179.0
-178.5
-206.5
-192.5
-193.5
-191.0
-191.5
-176.5
-156.5
-179.0
-212.5
-173.0
-208.5
-191.0
-168.5
-182.5
-209.5
-190.5
-183.0
-175.0
-189.5
-217.5
-188.5
-212.0
-174.5
-189.5
-178.5
-175.0
-171.5
-195.5
-200.0
-138.5
-194.5
-189.5
-184.5
-161.5
-172.0
-185.0
-194.0
-176.5
-171.5
-175.0
-185.5
-150.5
-194.0
-187.0
-209.5
-175.0
-164.5
-173.5
-200.0
-168.0
-194.0
-167.5
-198.0
-188.5
-175.5
-197.5
-200.0
-156.0
-188.5
-185.0
-168.5
-169.5
-194.5
-197.0
-183.0
-169.5
-198.0
-169.0
-169.5
-180.0
-185.5
-186.5
-170.5
-179.0
-165.0
-179.0
-190.5
-207.0
-173.0
-192.0
-189.0
-181.0
-176.0
-181.5
-178.5
-201.5
-194.0
-215.5
-181.0
-178.0
-181.0
-213.5
-191.5
-201.5
-171.0
-184.5
-175.5
-164.5
-160.0
-185.5
-159.5
-213.5
-162.0
-187.5
-167.5
-186.5
-185.0
-195.5
-175.0
-188.5
-146.5
-174.5
-186.5
-165.5
-159.0
-167.5
-197.5
-174.0
-150.0
-196.5
-165.5
-168.5
-191.0
-164.0
-179.0
-199.0
-163.0
-147.5
-186.0
-190.0
-186.5
-193.0
-195.5
-182.5
-167.0
-205.0
-191.5
-168.5
-184.0
-179.0
-173.0
-185.0
-187.0
-197.5
-191.0
-157.5
-192.0
-168.5
-189.5
-191.0
-162.0
-187.0
-208.5
-185.5
-173.5
-169.0
-201.5
-187.0
-176.0
-173.5
-170.5
-194.5
-202.0
-184.0
-194.5
-171.5
-192.5
-173.5
-159.5
-169.0
-178.5
-154.5
-180.0
-196.0
-148.5
-186.5
-160.5
-168.0
-181.0
-170.5
-178.0
-180.0
-201.5
-230.5
-172.0
-188.0
-169.5
-171.0
-195.5
-163.5
-183.5
-163.5
-176.0
-192.5
-204.0
-170.0
-189.0
-171.0
-181.0
-174.0
-205.5
-196.5
-165.0
-188.0
-185.5
-188.5
-195.0
-201.0
-182.0
-168.0
-194.5
-168.5
-160.5
-173.5
-176.5
-158.5
-217.5
-182.0
-193.5
-207.0
-205.0
-180.5
-150.5
-196.5
-179.5
-193.0
-190.5
-175.0
-204.0
-168.5
-194.5
-180.0
-190.5
-175.0
-191.0
-201.5
-190.0
-169.5
-200.0
-174.0
-195.0
-167.0
-174.0
-171.5
-150.0
-169.5
-162.0
-193.5
-182.0
-172.0
-177.5
-179.5
-199.5
-199.0
-183.0
-187.5
-173.0
-192.0
-165.0
-193.5
-197.0
-190.0
-191.0
-179.0
-173.5
-164.0
-206.5
-185.5
-176.5
-183.5
-192.5
-209.5
-179.5
-162.5
-191.5
-189.0
-182.5
-172.0
-184.0
-181.0
-166.5
-181.0
-176.0
-186.5
-187.5
-166.0
-183.5
-192.5
-164.0
-189.5
-183.0
-189.5
-197.5
-181.0
-191.5
-207.5
-167.5
-208.5
-182.5
-208.5
-169.5
-188.0
-196.0
-187.0
-176.0
-199.5
-212.0
-186.0
-187.0
-174.0
-201.0
-156.5
-159.0
-190.0
-194.0
-172.5
-165.5
-181.5
-178.5
-178.5
-166.5
-198.5
-180.5
-204.5
-175.0
-181.0
-171.5
-190.0
-164.0
-178.0
-175.5
-184.0
-194.0
-195.5
-200.0
-207.5
-190.5
-195.5
-161.0
-203.0
-200.0
-199.0
-187.0
-193.0
-174.0
-168.5
-177.0
-204.0
-173.0
-182.0
-201.0
-187.0
-181.5
-183.0
-184.0
-187.0
-155.0
-198.0
-207.0
-201.0
-209.0
-191.0
-176.0
-155.0
-160.0
-163.5
-173.5
-185.0
-143.5
-180.5
-181.5
-200.0
-165.0
-203.0
-186.0
-181.0
-175.5
-155.5
-173.5
-190.0
-190.0
-180.0
-172.5
-174.5
-208.5
-191.5
-169.5
-184.0
-166.0
-197.5
-173.5
-198.5
-170.5
-180.5
-178.5
-146.5
-183.0
-192.5
-198.0
-194.0
-202.5
-189.0
-173.0
-186.5
-179.0
-175.5
-186.5
-181.5
-183.5
-176.0
-182.0
-205.0
-174.0
-204.5
-186.0
-192.0
-196.0
-195.5
-193.5
-190.5
-191.0
-169.5
-207.5
-172.0
-189.5
-180.5
-194.5
-172.0
-158.5
-210.0
-165.5
-198.5
-170.0
-179.5
-188.5
-170.0
-209.5
-199.0
-174.0
-169.5
-191.5
-205.0
-164.5
-166.5
-177.0
-193.0
-175.5
-183.5
-159.0
-175.5
-213.5
-151.5
-164.0
-185.0
-182.0
-199.0
-180.0
-172.0
-206.5
-179.0
-196.5
-176.5
-199.0
-183.5
-164.0
-202.5
-175.0
-157.0
-214.0
-157.5
-175.5
-175.0
-178.5
-212.0
-162.5
-170.0
-181.5
-189.5
-195.5
-203.0
-177.5
-183.0
-191.0
-163.0
-194.0
-162.5
-182.0
-188.0
-165.0
-171.0
-195.0
-190.5
-207.0
-184.5
-167.0
-175.0
-184.5
-168.5
-180.0
-175.5
-175.0
-211.0
-191.5
-201.5
-196.5
-172.5
-144.5
-167.5
-178.5
-182.5
-188.0
-202.5
-155.0
-169.0
-165.5
-172.0
-191.0
-166.5
-193.5
-156.5
-176.5
-153.5
-201.5
-189.0
-177.5
-161.0
-224.5
-173.0
-177.0
-178.0
-187.0
-183.5
-176.5
-190.5
-188.5
-199.5
-201.0
-188.0
-176.0
-186.5
-190.0
-182.0
-175.5
-170.0
-198.5
-168.0
-214.5
-183.5
-175.0
-180.0
-166.5
-161.0
-173.5
-196.5
-199.0
-194.0
-174.5
-175.0
-193.5
-174.0
-191.0
-195.0
-182.0
-202.0
-178.5
-182.0
-173.5
-167.5
-187.0
-167.0
-148.5
-191.0
-172.0
-179.0
-192.0
-190.5
-168.5
-162.5
-195.0
-183.0
-166.5
-183.5
-199.5
-191.0
-218.5
-179.5
-194.5
-171.5
-153.5
-177.0
-172.5
-208.0
-190.5
-205.5
-178.5
-173.5
-199.5
-187.5
-211.5
-199.5
-205.0
-169.5
-170.5
-174.0
-184.0
-187.0
-182.5
-195.0
-197.0
-167.5
-199.0
-181.0
-175.0
-186.5
-147.5
-201.5
-178.0
-191.0
-170.5
-182.5
-189.5
-194.5
-195.0
-194.0
-182.0
-182.0
-184.0
-193.5
-192.5
-168.0
-176.0
-176.5
-172.5
-187.5
-194.5
-153.0
-179.0
-190.5
-162.0
-199.5
-181.0
-211.0
-184.5
-183.0
-183.5
-187.0
-188.0
-156.0
-199.0
-189.5
-146.0
-169.0
-172.0
-178.0
-174.0
-181.0
-183.0
-188.5
-181.0
-191.0
-178.0
-183.0
-179.0
-167.5
-174.0
-177.0
-199.5
-162.5
-173.5
-160.0
-191.0
-178.5
-174.0
-192.0
-182.5
-181.0
-182.5
-189.5
-195.5
-166.5
-155.0
-175.5
-151.5
-192.0
-178.0
-175.5
-210.5
-185.5
-208.0
-179.5
-174.5
-199.0
-198.5
-196.5
-187.5
-187.0
-173.5
-181.0
-177.0
-175.0
-180.5
-166.5
-174.0
-128.0
-164.0
-198.5
-193.5
-174.0
-197.0
-206.5
-214.0
-196.0
-177.5
-170.5
-208.5
-174.5
-185.0
-196.0
-169.0
-192.5
-182.0
-170.5
-181.5
-166.0
-198.5
-189.0
-194.0
-199.0
-172.5
-149.0
-196.0
-201.5
-162.0
-189.5
-166.0
-206.0
-186.5
-183.5
-195.0
-187.0
-186.0
-172.5
-186.5
-159.5
-176.0
-190.0
-153.5
-174.0
-166.5
-152.5
-185.5
-163.0
-191.5
-164.5
-171.0
-190.0
-182.0
-205.0
-173.5
-196.0
-197.5
-196.5
-162.0
-185.0
-182.0
-159.5
-201.5
-191.0
-176.5
-180.0
-188.0
-199.5
-168.5
-194.5
-169.5
-187.5
-168.5
-172.0
-174.5
-169.0
-175.0
-185.5
-209.0
-186.0
-159.5
-201.0
-170.0
-183.0
-184.0
-193.0
-175.0
-207.0
-163.0
-170.0
-180.0
-173.0
-218.0
-150.0
-170.5
-197.5
-191.5
-171.0
-182.0
-168.5
-198.5
-185.0
-195.5
-185.5
-173.5
-168.0
-173.0
-169.5
-180.5
-201.5
-151.0
-197.5
-193.5
-200.0
-196.5
-182.0
-182.5
-159.0
-172.5
-181.0
-181.5
-182.5
-191.0
-193.0
-198.5
-179.5
-185.0
-175.5
-174.0
-158.0
-188.5
-170.0
-171.5
-212.0
-171.5
-182.5
-166.0
-151.5
-181.5
-179.5
-184.5
-180.5
-156.5
-192.0
-204.0
-180.5
-173.5
-175.0
-172.0
-164.0
-193.0
-188.5
-167.5
-180.5
-186.0
-180.5
-170.0
-192.5
-179.0
-177.5
-187.5
-187.5
-181.0
-199.5
-199.5
-187.0
-190.0
-194.0
-178.0
-193.0
-178.0
-207.5
-185.5
-190.5
-181.5
-177.0
-195.0
-183.5
-163.5
-163.5
-196.5
-188.5
-164.5
-183.0
-202.5
-177.0
-181.5
-193.5
-171.5
-181.5
-187.5
-193.0
-192.0
-191.0
-157.0
-165.5
-179.0
-200.5
-173.0
-189.5
-171.5
-181.0
-172.0
-162.5
-181.0
-176.0
-170.0
-194.0
-169.0
-174.0
-183.5
-168.5
-149.5
-183.5
-197.0
-188.5
-198.5
-211.0
-166.0
-169.5
-170.5
-170.5
-199.0
-164.0
-165.5
-191.0
-192.0
-202.0
-188.0
-160.5
-181.0
-168.5
-212.5
-184.5
-160.0
-178.5
-194.5
-165.0
-164.5
-180.0
-187.5
-189.0
-177.0
-172.5
-185.0
-164.0
-166.0
-180.0
-188.5
-191.5
-146.0
-207.0
-173.5
-171.0
-162.5
-189.5
-168.5
-175.5
-174.0
-161.0
-185.5
-198.0
-169.0
-192.0
-164.0
-196.0
-184.0
-162.5
-190.5
-181.5
-191.5
-192.0
-165.5
-189.0
-186.0
-184.0
-195.0
-177.5
-179.5
-184.0
-172.5
-179.0
-182.0
-182.5
-165.0
-191.0
-207.5
-197.0
-187.5
-151.5
-172.0
-156.5
-177.5
-178.5
-178.5
-190.5
-178.0
-152.5
-174.0
-175.5
-169.0
-168.5
-182.0
-193.5
-152.5
-164.5
-187.5
-172.0
-173.5
-171.5
-184.5
-194.5
-195.0
-191.5
-160.0
-182.0
-206.0
-195.5
-189.0
-161.0
-195.0
-177.0
-172.0
-189.5
-180.5
-203.0
-202.5
-163.5
-175.0
-192.0
-183.0
-169.5
-179.5
-196.0
-192.0
-169.0
-192.0
-170.0
-180.0
-174.0
-172.5
-148.0
-190.0
-192.0
-197.0
-203.5
-187.5
-185.0
-157.5
-184.0
-173.5
-176.5
-190.0
-195.0
-166.0
-190.0
-201.0
-181.5
-173.5
-171.5
-173.0
-183.0
-167.5
-156.0
-178.5
-194.5
-169.5
-182.5
-199.5
-189.5
-185.5
-210.5
-164.0
-152.0
-162.5
-177.0
-181.5
-171.5
-190.5
-165.5
-163.0
-191.0
-198.0
-158.0
-181.0
-153.0
-184.0
-183.0
-185.5
-194.0
-178.0
-178.5
-182.0
-191.0
-180.5
-178.0
-152.0
-204.5
-178.5
-158.0
-196.0
-191.5
-195.0
-181.5
-188.0
-197.5
-186.5
-184.5
-196.0
-201.5
-155.0
-183.0
-173.5
-194.0
-193.0
-176.0
-195.0
-162.5
-178.5
-196.5
-189.0
-182.0
-191.0
-157.5
-174.5
-184.0
-170.5
-194.5
-198.5
-168.0
-194.5
-198.5
-173.0
-200.5
-167.0
-198.0
-196.0
-199.5
-173.0
-193.5
-195.5
-195.5
-173.0
-185.5
-181.5
-192.5
-162.0
-202.5
-203.0
-169.0
-190.5
-177.5
-171.0
-172.0
-188.5
-183.5
-210.5
-163.5
-221.5
-194.5
-184.0
-171.0
-181.5
-182.5
-192.0
-180.5
-172.5
-173.5
-174.0
-168.0
-191.0
-182.0
-146.5
-167.0
-184.0
-180.0
-187.0
-202.0
-168.5
-184.0
-187.5
-181.0
-177.0
-207.0
-186.0
-190.5
-186.5
-173.0
-196.0
-190.0
-209.0
-179.0
-212.0
-186.5
-181.0
-199.0
-165.0
-195.0
-181.5
-162.5
-169.5
-190.0
-187.0
-202.0
-176.0
-184.0
-182.5
-205.0
-212.0
-169.5
-190.0
-183.0
-158.5
-161.5
-161.0
-171.5
-173.5
-167.0
-164.5
-177.0
-185.0
-195.0
-173.0
-189.5
-195.0
-185.0
-162.5
-184.5
-201.0
-194.0
-193.0
-207.0
-185.5
-170.0
-177.5
-146.5
-191.5
-183.0
-178.5
-143.5
-157.5
-193.5
-199.0
-192.5
-205.0
-151.5
-181.0
-182.5
-161.0
-171.0
-197.0
-193.5
-185.0
-195.0
-188.5
-191.0
-164.0
-172.0
-164.5
-158.5
-191.0
-169.0
-209.0
-183.5
-188.0
-194.0
-183.5
-177.0
-189.0
-200.5
-194.5
-193.0
-186.0
-177.5
-173.0
-173.0
-190.0
-219.0
-176.5
-161.5
-182.5
-193.0
-173.0
-189.0
-173.5
-202.5
-206.5
-178.0
-191.0
-200.5
-172.5
-166.0
-179.5
-163.5
-178.5
-196.0
-208.5
-182.0
-185.0
-190.0
-191.0
-187.0
-191.5
-167.5
-200.0
-186.0
-170.5
-181.0
-180.0
-193.0
-163.0
-196.5
-179.0
-198.0
-187.5
-181.5
-191.0
-168.5
-183.5
-187.0
-178.5
-176.5
-164.5
-200.5
-191.0
-182.0
-184.5
-163.5
-207.5
-186.5
-186.0
-203.5
-188.5
-197.0
-180.5
-163.0
-195.0
-165.0
-220.5
-178.0
-172.0
-188.5
-163.0
-179.0
-171.5
-199.0
-181.0
-160.5
-205.5
-171.0
-188.0
-181.0
-192.5
-188.0
-202.5
-179.5
-181.5
-201.5
-169.0
-191.5
-168.5
-181.0
-196.5
-198.5
-170.0
-184.5
-186.0
-183.0
-199.0
-184.0
-182.5
-198.0
-192.0
-182.5
-188.5
